0	1.012652 0.29191828
1	0.719032 0.47057822
2	0.5815424 0.5466077
3	0.9477848 0.3191542
4	1.4304682 0.15123084
5	1.9741415 0.07116496
6	1.8131024 0.104427524
7	0.8870206 0.37252986
8	0.4039674 0.7375775
9	0.42352736 0.729634
10	1.5458478 0.08814182
11	1.0881228 0.30013576
12	1.0792608 0.3064692
13	0.708666 0.43578598
14	0.019196093 1.3542955
15	0.10502804 1.2186157
16	2.2133918 0.017643094
17	1.0105486 0.36534902
18	0.094571106 1.242778
19	0.58606195 0.5254871
20	0.069630824 1.2492545
21	1.0747048 0.29641536
22	0.07819976 1.2789081
23	-0.031523243 1.4809809
24	0.1715156 1.0448782
25	0.06946352 1.2532403
26	-0.073305435 1.5550472
27	0.18286575 1.039813
28	0.34025428 0.8414475
29	-0.043366466 1.4985771
30	0.36717173 0.77232426
31	0.19487198 0.96171665
32	0.130843 1.1277188
33	0.14514147 1.0339239
