0	0.6064958 0.83413833
1	0.2794644 0.85048497
2	0.061138798 0.83013177
3	0.36305884 0.86312366
4	1.2853239 1.2290586
5	1.2349004 1.2312373
6	1.4478613 1.3301717
7	0.27271163 0.8609389
8	0.07623789 0.78688365
9	-0.16482 0.86119485
10	1.5378788 1.381415
11	0.6431793 0.9418681
12	0.5204135 0.92925495
13	0.21741405 0.857768
14	-0.74426055 1.0721376
15	-0.7868061 1.0671418
16	1.5978683 1.4305534
17	0.5507301 0.88864386
18	-0.8017566 1.0890505
19	0.109614596 0.8151827
20	-0.8588106 1.0959227
21	0.48765072 0.9247477
22	-0.7147292 1.0328534
23	-0.907883 1.1081768
24	-0.685398 1.035224
25	-0.89125884 1.1313496
26	-1.2037563 1.275735
27	-0.5567186 0.9799529
28	-0.26087773 0.8774179
29	-1.1574976 1.2392458
30	-0.13286151 0.8571662
31	-0.29093832 0.8831062
32	-0.5696921 0.9701937
33	-0.42083287 0.9170595
