0	-0.005211251 -1.0900768
1	0.23418266 -0.8743262
2	0.49088338 -0.6829459
3	0.16966401 -0.9593951
4	-0.2213066 -1.4773598
5	-0.35606012 -1.700488
6	-0.3109928 -1.7300026
7	0.16687725 -0.9695576
8	0.70647645 -0.54544127
9	0.8132087 -0.513318
10	-0.23280282 -1.4596586
11	0.052465294 -1.1700506
12	0.12251422 -1.0339329
13	0.35297072 -0.7953636
14	1.451908 -0.37208596
15	1.431855 -0.35777426
16	-0.41284788 -2.0363455
17	0.09915601 -1.0398414
18	1.4061064 -0.38183287
19	0.35788354 -0.7489534
20	1.5226347 -0.36103252
21	0.1790453 -0.9849345
22	1.4136542 -0.39133513
23	1.6613237 -0.37443468
24	1.2561877 -0.4072765
25	1.3293929 -0.3659656
26	1.5521331 -0.35406524
27	1.1242701 -0.44258407
28	0.9533599 -0.47756967
29	1.6589023 -0.34875113
30	0.66146415 -0.5905653
31	0.9549966 -0.44526312
32	1.2997648 -0.39256394
33	1.1190075 -0.40690675
