1	1
2	3
3	3
4	1
5	1
6	1
7	1
8	1
9	1
10	1
11	1
12	1
13	1
14	1
15	1
16	1
17	1
18	1
19	1
20	1
21	1
22	1
23	1
24	1
25	1
26	1
27	1
28	1
29	1
30	1
31	1
32	3
33	1
34	1
35	1
36	1
37	4
38	1
39	1
40	1
41	2
42	2
43	2
44	2
45	2
46	2
47	2
48	2
49	2
50	2
51	2
52	2
53	2
54	2
55	2
56	2
57	2
58	2
59	2
60	2
61	2
62	2
63	2
64	2
65	2
66	2
67	2
68	2
69	2
70	2
71	2
72	2
73	2
74	2
75	2
76	2
77	2
78	2
79	4
80	4
81	4
82	4
83	4
84	4
85	2
86	2
87	2
88	2
89	2
90	2
91	2
92	2
93	2
94	2
95	2
96	2
97	2
98	2
99	2
100	2
101	2
102	2
103	2
104	2
105	2
106	2
107	2
108	2
109	2
110	2
111	2
112	2
113	2
114	2
115	2
116	2
117	2
118	2
119	2
120	2
121	2
122	2
123	2
124	2
125	2
126	2
127	2
128	2
129	2
130	2
131	2
132	5
133	3
134	1
135	2
136	2
137	5
138	3
139	2
140	2
141	2
142	2
143	2
144	2
145	2
146	2
147	2
148	2
149	2
150	2
151	2
152	2
153	2
154	2
155	2
156	2
157	2
158	2
159	2
160	2
161	2
162	2
163	2
164	2
165	2
166	2
167	2
168	2
169	3
170	2
171	2
172	3
173	2
174	2
175	2
176	2
177	2
178	2
179	2
180	2
181	2
182	2
183	2
184	2
185	4
186	2
187	2
188	2
189	2
190	2
191	2
192	2
193	2
194	1
195	3
196	3
197	2
198	3
199	2
200	2
201	2
202	2
203	2
204	2
205	2
206	2
207	2
208	2
209	2
210	2
211	2
212	2
213	2
214	2
215	2
216	2
217	2
218	2
219	2
220	2
221	2
222	2
223	2
224	2
225	2
226	2
227	2
228	2
229	2
230	2
231	2
232	2
233	2
234	2
235	2
236	2
237	2
238	2
239	2
240	2
241	2
242	2
243	2
244	2
245	2
246	2
247	2
248	2
249	2
250	2
251	2
252	2
253	2
254	2
255	2
256	2
257	2
258	2
259	2
260	2
261	2
262	2
263	2
264	2
265	2
266	2
267	2
268	2
269	2
270	2
271	2
272	2
273	2
274	2
275	2
276	2
277	2
278	2
279	2
280	2
281	2
282	2
283	2
284	2
285	2
286	2
287	2
288	2
289	2
290	2
291	2
292	2
293	2
294	2
295	2
296	2
297	2
298	2
299	2
300	2
301	2
302	2
303	2
304	2
305	2
306	2
307	2
308	2
309	2
310	2
311	2
312	2
313	2
314	2
315	2
316	2
317	2
318	2
319	2
320	2
321	2
322	2
323	2
324	2
325	2
326	2
327	2
328	2
329	2
330	2
331	2
332	2
333	2
334	2
335	2
336	2
337	2
338	2
339	2
340	2
341	2
342	2
343	2
344	2
345	2
346	2
347	2
348	2
349	2
350	2
351	2
352	2
353	2
354	2
355	2
356	2
357	2
358	2
359	2
360	2
361	2
362	2
363	2
364	2
365	2
366	2
367	2
368	2
369	2
370	2
371	2
372	2
373	2
374	2
375	2
376	2
377	2
378	2
379	2
380	2
381	2
382	2
383	2
384	2
385	2
386	2
387	2
388	2
389	2
390	2
391	2
392	2
393	2
394	2
395	2
396	2
397	2
398	2
399	2
400	2
401	2
402	2
403	2
404	2
405	3
406	2
407	2
408	2
409	2
410	2
411	2
412	3
413	2
414	2
415	4
416	4
417	3
418	4
419	3
420	3
421	4
422	3
423	3
424	2
425	4
426	2
427	3
428	3
429	3
430	3
431	2
432	2
433	2
434	2
435	2
436	2
437	2
438	2
439	2
440	2
441	2
442	2
443	2
444	2
445	2
446	2
447	2
448	2
449	3
450	2
451	2
452	2
453	2
454	2
455	2
456	2
457	2
458	2
459	2
460	2
461	2
462	5
463	2
464	2
465	2
466	2
467	2
468	2
469	2
470	2
471	2
472	2
473	2
474	2
475	2
476	2
477	2
478	2
479	5
480	5
481	5
482	5
483	4
484	5
485	4
486	5
487	5
488	5
489	5
490	2
491	2
492	2
493	2
494	2
495	2
496	2
497	2
498	2
499	2
500	3
501	2
502	2
503	2
504	2
505	2
506	2
507	2
508	2
509	2
510	2
511	2
512	2
513	2
514	2
515	2
516	2
517	3
518	2
519	2
520	2
521	3
522	2
523	2
524	2
525	2
526	2
527	2
528	2
529	2
530	2
531	3
532	3
533	2
534	2
535	2
536	2
537	2
538	2
539	2
540	2
541	2
542	2
543	2
544	2
545	2
546	2
547	2
548	2
549	3
550	4
551	3
552	3
553	2
554	4
555	1
556	3
557	3
558	4
559	3
560	2
561	2
562	2
563	2
564	2
565	2
566	2
567	2
568	2
569	2
570	2
571	2
572	2
573	2
574	2
575	2
576	2
577	2
578	2
579	2
580	2
581	2
582	2
583	2
584	2
585	2
586	2
587	2
588	2
589	2
590	2
591	2
592	2
593	2
594	2
595	2
596	2
597	2
598	2
599	2
600	2
601	2
602	2
603	2
604	2
605	2
606	2
607	2
608	2
609	2
610	2
611	2
612	2
613	3
614	4
615	4
616	4
617	3
618	3
619	3
620	3
621	4
622	4
623	3
624	3
625	4
626	4
627	4
628	4
629	4
630	4
631	4
632	4
633	4
634	3
635	3
636	4
637	4
638	3
639	3
640	3
641	4
642	4
643	4
644	4
645	3
646	3
647	3
648	3
649	3
650	3
651	3
652	3
653	3
654	3
655	3
656	3
657	3
658	3
659	3
660	3
661	3
662	2
663	2
664	2
665	2
666	2
667	2
668	2
669	2
670	2
671	2
672	2
673	2
674	2
675	2
676	2
677	2
678	2
679	2
680	2
681	2
682	2
683	2
684	2
685	2
686	2
687	2
688	2
689	2
690	2
691	2
692	2
693	2
694	2
695	2
696	2
697	2
698	2
699	2
700	2
701	2
702	2
703	2
704	2
705	2
706	2
707	2
708	2
709	2
710	2
711	2
712	2
713	2
714	2
715	2
716	2
717	2
718	2
719	2
720	2
721	2
722	2
723	2
724	2
725	2
726	2
727	2
728	2
729	2
730	2
731	2
732	2
733	2
734	2
735	2
736	2
737	2
738	2
739	2
740	2
741	2
742	2
743	2
744	2
745	2
746	2
747	2
748	2
749	2
750	2
751	3
752	3
753	2
754	2
755	2
756	2
757	2
758	2
759	2
760	2
761	2
762	2
763	2
764	2
765	2
766	2
767	2
768	2
769	2
770	2
771	2
772	2
773	3
774	4
775	4
776	3
777	4
778	4
779	5
780	4
781	3
782	3
783	3
784	3
785	2
786	2
787	2
788	2
789	2
790	2
791	2
792	2
793	2
794	2
795	2
796	5
797	2
798	2
799	2
800	2
801	2
802	2
803	2
804	2
805	2
806	2
807	2
808	2
809	2
810	2
811	2
812	2
813	2
814	2
815	2
816	2
817	2
818	2
819	2
820	2
821	2
822	2
823	2
824	2
825	2
826	2
827	2
828	2
829	2
830	2
831	2
832	2
833	2
834	2
835	2
836	2
837	2
838	2
839	2
840	2
841	2
842	2
843	2
844	2
845	2
846	2
847	2
848	2
849	2
850	2
851	2
852	2
853	2
854	2
855	2
856	2
857	2
858	2
859	2
860	2
861	2
862	2
863	2
864	2
865	2
866	2
867	2
868	2
869	2
870	2
871	2
872	2
873	2
874	2
875	2
876	2
877	2
878	2
879	2
880	2
881	2
882	2
883	2
884	2
885	2
886	2
887	2
888	2
889	2
890	2
891	2
892	2
893	2
894	2
895	2
896	2
897	2
898	2
899	2
900	2
901	2
902	2
903	2
904	2
905	2
906	2
907	2
908	2
909	2
910	2
911	2
912	2
913	2
914	2
915	2
916	2
917	2
918	2
919	2
920	2
921	2
922	2
923	2
924	2
925	2
926	2
927	2
928	2
929	2
930	2
931	2
932	2
933	2
934	2
935	2
936	2
937	2
938	2
939	2
940	2
941	2
942	2
943	2
944	2
945	2
946	2
947	2
948	2
949	2
950	2
951	2
952	2
953	2
954	2
955	2
956	2
957	2
958	2
959	2
960	2
961	2
962	2
963	2
964	2
965	2
966	2
967	2
968	2
969	2
970	2
971	2
972	2
973	2
974	2
975	2
976	2
977	2
978	2
979	2
980	2
981	2
982	2
983	2
984	2
985	2
986	2
987	2
988	2
989	2
990	2
991	2
992	2
993	2
994	2
995	2
996	2
997	2
998	2
999	2
1000	2
1001	2
1002	2
1003	2
1004	2
1005	2
1006	2
1007	2
1008	2
1009	2
1010	2
1011	2
1012	2
1013	2
1014	2
1015	2
1016	2
1017	2
1018	2
1019	2
1020	2
1021	2
1022	2
1023	2
1024	2
1025	2
1026	2
1027	2
1028	2
1029	2
1030	4
1031	4
1032	4
1033	4
1034	4
1035	4
1036	4
1037	4
1038	4
1039	4
1040	4
1041	4
1042	3
1043	3
1044	4
1045	4
1046	4
1047	4
1048	4
1049	4
1050	4
1051	4
1052	3
1053	4
1054	4
1055	4
1056	4
1057	4
1058	4
1059	4
1060	4
1061	4
1062	3
1063	3
1064	4
1065	4
1066	4
1067	4
1068	3
1069	3
1070	3
1071	5
1072	3
1073	4
1074	4
1075	3
1076	3
1077	3
1078	3
1079	2
1080	2
1081	2
1082	2
1083	2
1084	2
1085	2
1086	2
1087	2
1088	2
1089	2
1090	2
1091	2
1092	2
1093	2
1094	2
1095	2
1096	2
1097	2
1098	2
1099	2
1100	2
1101	2
1102	2
1103	2
1104	2
1105	2
1106	2
1107	2
1108	2
1109	2
1110	2
1111	2
1112	2
1113	2
1114	2
1115	2
1116	2
1117	2
1118	2
1119	2
1120	2
1121	2
1122	2
1123	2
1124	2
1125	2
1126	2
1127	2
1128	2
1129	2
1130	2
1131	2
1132	2
1133	2
1134	2
1135	2
1136	2
1137	2
1138	2
1139	2
1140	2
1141	2
1142	2
1143	2
1144	2
1145	2
1146	2
1147	2
1148	2
1149	2
1150	2
1151	2
1152	2
1153	2
1154	2
1155	2
1156	2
1157	2
1158	2
1159	2
1160	2
1161	2
1162	2
1163	2
1164	2
1165	2
1166	2
1167	2
1168	2
1169	2
1170	2
1171	2
1172	2
1173	2
1174	2
1175	4
1176	2
1177	4
1178	2
1179	2
1180	2
1181	2
1182	2
1183	2
1184	2
1185	2
1186	2
1187	2
1188	2
1189	2
1190	4
1191	2
1192	2
1193	2
1194	2
1195	2
1196	2
1197	2
1198	2
1199	2
1200	2
1201	2
1202	1
1203	2
1204	4
1205	2
1206	2
1207	2
1208	2
1209	2
1210	2
1211	2
1212	2
1213	2
1214	2
1215	2
1216	2
1217	2
1218	2
1219	2
1220	2
1221	2
1222	2
1223	2
1224	2
1225	2
1226	2
1227	2
1228	2
1229	2
1230	2
1231	2
1232	2
1233	2
1234	2
1235	2
1236	2
1237	2
1238	2
1239	2
1240	2
1241	2
1242	2
1243	2
1244	2
1245	2
1246	2
1247	2
1248	2
1249	2
1250	2
1251	2
1252	2
1253	2
1254	2
1255	2
1256	2
1257	2
1258	2
1259	2
1260	2
1261	2
1262	2
1263	2
1264	2
1265	2
1266	2
1267	2
1268	2
1269	2
1270	2
1271	2
1272	2
1273	2
1274	2
1275	2
1276	2
1277	2
1278	2
1279	2
1280	2
1281	2
1282	2
1283	2
1284	2
1285	2
1286	2
1287	2
1288	3
1289	2
1290	3
1291	4
1292	4
1293	4
1294	4
1295	4
1296	4
1297	3
1298	3
1299	3
1300	3
1301	3
1302	4
1303	3
1304	4
1305	4
1306	4
1307	4
1308	4
1309	4
1310	4
1311	4
1312	4
1313	3
1314	4
1315	3
1316	2
1317	5
1318	5
1319	5
1320	5
1321	5
1322	5
1323	5
1324	5
1325	5
1326	5
1327	5
1328	5
1329	5
1330	5
1331	5
1332	5
1333	5
1334	5
1335	5
1336	5
1337	5
1338	5
1339	5
1340	5
1341	5
1342	5
1343	5
1344	5
1345	5
1346	5
1347	5
1348	5
1349	5
1350	5
1351	5
1352	5
1353	5
1354	5
1355	5
1356	5
1357	5
1358	5
1359	5
1360	5
1361	5
1362	5
1363	5
1364	5
1365	5
1366	5
1367	5
1368	5
1369	5
1370	5
1371	5
1372	5
1373	5
1374	5
1375	5
1376	5
1377	5
1378	5
1379	5
1380	5
1381	5
1382	5
1383	5
1384	5
1385	5
1386	5
1387	5
1388	5
1389	5
1390	5
1391	5
1392	5
1393	3
1394	5
1395	5
1396	5
1397	5
1398	5
1399	5
1400	5
1401	5
1402	5
1403	5
1404	5
1405	5
1406	5
1407	5
1408	5
1409	5
1410	5
1411	5
1412	5
1413	5
1414	5
1415	5
1416	5
1417	5
1418	5
1419	5
1420	5
1421	5
1422	5
1423	5
1424	5
1425	5
1426	5
1427	5
1428	5
1429	5
1430	5
1431	5
1432	5
1433	5
1434	5
1435	5
1436	5
1437	5
1438	5
1439	5
1440	5
1441	5
1442	5
1443	5
1444	5
1445	5
1446	5
1447	5
1448	5
1449	5
1450	5
1451	5
1452	5
1453	5
1454	5
1455	5
1456	5
1457	5
1458	5
1459	5
1460	5
1461	5
1462	5
1463	5
1464	5
1465	5
1466	5
1467	5
1468	5
1469	5
1470	5
1471	5
1472	5
1473	5
1474	5
1475	5
1476	5
1477	5
1478	5
1479	5
1480	5
1481	5
1482	5
1483	5
1484	5
1485	5
1486	5
1487	5
1488	5
1489	5
1490	5
1491	5
1492	5
1493	5
1494	5
1495	5
1496	5
1497	5
1498	5
1499	5
1500	5
1501	5
1502	5
1503	5
1504	5
1505	5
1506	5
1507	4
1508	5
1509	5
1510	5
1511	5
1512	5
1513	5
1514	5
1515	5
1516	5
1517	5
1518	5
1519	5
1520	5
1521	5
1522	5
1523	5
1524	5
1525	5
1526	5
1527	5
1528	5
1529	5
1530	5
1531	5
1532	5
1533	5
1534	3
1535	5
1536	3
1537	4
1538	4
1539	4
1540	3
1541	4
1542	4
1543	4
1544	4
1545	4
1546	4
1547	4
1548	4
1549	4
1550	4
1551	4
1552	4
1553	3
1554	3
1555	4
1556	3
1557	4
1558	4
1559	4
1560	4
1561	4
1562	4
1563	3
1564	3
1565	4
1566	4
1567	4
1568	3
1569	4
1570	4
1571	4
1572	3
1573	4
1574	3
1575	4
1576	3
1577	4
1578	4
1579	3
1580	4
1581	4
1582	3
1583	4
1584	4
1585	3
1586	4
1587	4
1588	1
1589	3
1590	3
1591	3
1592	3
1593	5
1594	3
1595	3
1596	3
1597	3
1598	3
1599	3
1600	4
1601	3
1602	3
1603	3
1604	3
1605	4
1606	3
1607	3
1608	3
1609	3
1610	3
1611	3
1612	3
1613	3
1614	3
1615	3
1616	3
1617	3
1618	3
1619	3
1620	3
1621	3
1622	3
1623	3
1624	3
1625	3
1626	3
1627	3
1628	3
1629	3
1630	4
1631	4
1632	3
1633	4
1634	4
1635	3
1636	4
1637	3
1638	4
1639	3
1640	3
1641	3
1642	3
1643	3
1644	3
1645	4
1646	4
1647	3
1648	4
1649	4
1650	4
1651	4
1652	4
1653	4
1654	4
1655	1
1656	4
1657	3
1658	3
1659	3
1660	3
1661	3
1662	3
1663	3
1664	3
1665	3
1666	3
1667	3
1668	3
1669	3
1670	3
1671	3
1672	3
1673	3
1674	3
1675	3
1676	3
1677	3
1678	3
1679	3
1680	3
1681	3
1682	4
1683	4
1684	4
1685	4
1686	4
1687	4
1688	4
1689	3
1690	3
1691	3
1692	3
1693	3
1694	3
1695	3
1696	3
1697	3
1698	3
1699	3
1700	4
1701	4
1702	4
1703	4
1704	4
1705	4
1706	4
1707	3
1708	4
1709	4
1710	4
1711	4
1712	3
1713	3
1714	4
1715	4
1716	4
1717	4
1718	4
1719	4
1720	4
1721	4
1722	3
1723	4
1724	4
1725	3
1726	4
1727	3
1728	3
1729	3
1730	5
1731	3
1732	3
1733	3
1734	4
1735	4
1736	3
1737	3
1738	3
1739	3
1740	3
1741	3
1742	3
1743	3
1744	3
1745	3
1746	3
1747	3
1748	3
1749	3
1750	3
1751	3
1752	3
1753	3
1754	3
1755	4
1756	4
1757	4
1758	4
1759	4
1760	3
1761	3
1762	3
1763	3
1764	3
1765	3
1766	3
1767	3
1768	3
1769	3
1770	5
1771	5
1772	3
1773	3
1774	3
1775	3
1776	3
1777	3
1778	3
1779	3
1780	4
1781	3
1782	3
1783	3
1784	3
1785	4
1786	4
1787	4
1788	4
1789	3
1790	3
1791	1
1792	3
1793	3
1794	3
1795	3
1796	3
1797	3
1798	3
1799	3
1800	3
1801	3
1802	3
1803	3
1804	3
1805	3
1806	3
1807	3
1808	3
1809	3
1810	5
1811	3
1812	3
1813	3
1814	3
1815	3
1816	3
1817	3
1818	3
1819	3
1820	3
1821	3
1822	3
1823	3
1824	4
1825	3
1826	3
1827	3
1828	3
1829	3
1830	3
1831	3
1832	3
1833	3
1834	3
1835	3
1836	3
1837	3
1838	3
1839	3
1840	3
1841	3
1842	3
1843	3
1844	5
1845	5
1846	5
1847	5
1848	5
1849	5
1850	5
1851	5
1852	5
1853	5
1854	5
1855	5
1856	5
1857	5
1858	5
1859	5
1860	5
1861	5
1862	5
1863	5
1864	5
1865	5
1866	5
1867	5
1868	5
1869	5
1870	5
1871	5
1872	5
1873	5
1874	5
1875	5
1876	5
1877	5
1878	5
1879	5
1880	5
1881	5
1882	5
1883	5
1884	5
1885	5
1886	5
1887	5
1888	5
1889	5
1890	5
1891	5
1892	5
1893	5
1894	5
1895	5
1896	5
1897	5
1898	5
1899	5
1900	5
1901	5
1902	5
1903	5
1904	5
1905	5
1906	4
1907	5
1908	5
1909	5
1910	5
1911	5
1912	5
1913	5
1914	4
1915	4
1916	4
1917	4
1918	4
1919	4
1920	5
1921	4
1922	4
1923	4
1924	4
1925	4
1926	4
1927	4
1928	4
1929	4
1930	4
1931	4
1932	4
1933	4
1934	4
1935	4
1936	4
1937	4
1938	4
1939	4
1940	5
1941	4
1942	5
1943	4
1944	4
1945	5
1946	5
1947	4
1948	5
1949	5
1950	5
1951	5
1952	5
1953	5
1954	5
1955	5
1956	1
1957	1
1958	1
1959	1
1960	1
1961	1
1962	1
1963	1
1964	1
1965	1
1966	1
1967	1
1968	1
1969	1
1970	1
1971	1
1972	1
1973	1
1974	1
1975	1
1976	1
1977	1
1978	1
1979	1
1980	1
1981	1
1982	1
1983	1
1984	1
1985	1
1986	1
1987	1
1988	1
1989	1
1990	1
1991	1
1992	1
1993	1
1994	1
1995	1
1996	1
1997	1
1998	1
1999	1
2000	1
2001	1
2002	3
2003	1
2004	1
2005	1
2006	1
2007	1
2008	1
2009	1
2010	1
2011	3
2012	1
2013	1
2014	3
2015	1
2016	1
2017	1
2018	1
2019	1
2020	1
2021	1
2022	3
2023	1
2024	1
2025	1
2026	1
2027	1
2028	1
2029	1
2030	1
2031	1
2032	1
2033	1
2034	1
2035	1
2036	3
2037	3
2038	3
2039	3
2040	3
2041	3
2042	1
2043	1
2044	1
2045	1
2046	1
2047	1
2048	3
2049	3
2050	1
2051	3
2052	3
2053	3
2054	3
2055	3
2056	3
2057	3
2058	3
2059	1
2060	1
2061	3
2062	1
2063	1
2064	1
2065	1
2066	1
2067	3
2068	1
2069	1
2070	1
2071	1
2072	1
2073	1
2074	1
2075	3
2076	3
2077	3
2078	1
2079	3
2080	1
2081	1
2082	1
2083	1
2084	1
2085	1
2086	1
2087	1
2088	1
2089	3
2090	3
2091	1
2092	1
2093	1
2094	1
2095	1
2096	1
2097	1
2098	1
2099	1
2100	3
2101	1
2102	1
2103	3
2104	1
2105	1
2106	1
2107	1
2108	1
2109	1
2110	1
2111	1
2112	1
2113	1
2114	4
2115	1
2116	4
2117	4
2118	4
2119	4
2120	3
2121	4
2122	1
2123	1
2124	1
2125	1
2126	1
2127	1
2128	1
2129	1
2130	1
2131	1
2132	1
2133	1
2134	1
2135	1
2136	1
2137	1
2138	1
2139	1
2140	1
2141	1
2142	1
2143	1
2144	1
2145	1
2146	1
2147	1
2148	1
2149	1
2150	1
2151	3
2152	1
2153	1
2154	1
2155	1
2156	1
2157	1
2158	1
2159	1
2160	1
2161	1
2162	1
2163	1
2164	1
2165	1
2166	1
2167	1
2168	1
2169	1
2170	1
2171	1
2172	1
2173	1
2174	1
2175	1
2176	1
2177	1
2178	1
2179	1
2180	1
2181	1
2182	1
2183	1
2184	1
2185	1
2186	1
2187	1
2188	1
2189	1
2190	1
2191	1
2192	1
2193	1
2194	1
2195	1
2196	1
2197	1
2198	1
2199	1
2200	1
2201	1
2202	1
2203	1
2204	1
2205	1
2206	1
2207	1
2208	1
2209	1
2210	1
2211	1
2212	1
2213	1
2214	1
2215	1
2216	1
2217	1
2218	1
2219	1
2220	1
2221	1
2222	1
2223	1
2224	1
2225	1
2226	1
2227	1
2228	1
2229	1
2230	1
2231	1
2232	1
2233	1
2234	1
2235	1
2236	1
2237	1
2238	1
2239	1
2240	1
2241	1
2242	1
2243	1
2244	1
2245	1
2246	1
2247	1
2248	1
2249	1
2250	1
2251	1
2252	1
2253	1
2254	1
2255	1
2256	1
2257	1
2258	1
2259	1
2260	1
2261	1
2262	1
2263	1
2264	1
2265	1
2266	1
2267	1
2268	1
2269	1
2270	3
2271	1
2272	1
2273	1
2274	1
2275	1
2276	1
2277	1
2278	1
2279	1
2280	1
2281	1
2282	1
2283	1
2284	1
2285	1
2286	1
2287	1
2288	1
2289	1
2290	1
2291	1
2292	1
2293	1
2294	1
2295	1
2296	1
2297	1
2298	1
2299	1
2300	1
2301	1
2302	1
2303	1
2304	1
2305	1
2306	1
2307	1
2308	1
2309	1
2310	1
2311	1
2312	1
2313	4
2314	1
2315	1
2316	1
2317	1
2318	1
2319	1
2320	1
2321	3
2322	1
2323	1
2324	1
2325	1
2326	1
2327	1
2328	1
2329	1
2330	1
2331	1
2332	3
2333	1
2334	1
2335	1
2336	1
2337	1
2338	1
2339	1
2340	1
2341	1
2342	1
2343	1
2344	1
2345	1
2346	1
2347	1
2348	1
2349	1
2350	1
2351	1
2352	1
2353	1
2354	1
2355	1
2356	1
2357	1
2358	1
2359	1
2360	1
2361	1
2362	1
2363	1
2364	1
2365	1
2366	1
2367	1
2368	1
2369	1
2370	1
2371	1
2372	1
2373	1
2374	1
2375	1
2376	1
2377	1
2378	1
2379	1
2380	1
2381	1
2382	1
2383	1
2384	1
2385	1
2386	1
2387	1
2388	1
2389	1
2390	1
2391	1
2392	1
2393	1
2394	1
2395	1
2396	1
2397	1
2398	1
2399	1
2400	1
2401	1
2402	1
2403	1
2404	1
2405	3
2406	3
2407	3
2408	3
2409	3
2410	3
2411	3
2412	3
2413	3
2414	3
2415	3
2416	3
2417	3
2418	1
2419	1
2420	1
2421	1
2422	1
2423	1
2424	1
2425	1
2426	1
2427	1
2428	1
2429	1
2430	3
2431	1
2432	1
2433	1
2434	2
2435	1
2436	1
2437	1
2438	1
2439	1
2440	1
2441	3
2442	1
2443	1
2444	1
2445	1
2446	1
2447	1
2448	1
2449	1
2450	1
2451	1
2452	1
2453	1
2454	1
2455	1
2456	1
2457	1
2458	1
2459	1
2460	1
2461	1
2462	1
2463	3
2464	1
2465	1
2466	1
2467	1
2468	1
2469	1
2470	1
2471	3
2472	1
2473	1
2474	1
2475	1
2476	1
2477	4
2478	1
2479	1
2480	1
2481	1
2482	1
2483	1
2484	1
2485	1
2486	3
2487	1
2488	1
2489	1
2490	1
2491	1
2492	1
2493	1
2494	1
2495	1
2496	1
2497	1
2498	1
2499	1
2500	1
2501	1
2502	1
2503	1
2504	1
2505	1
2506	1
2507	1
2508	1
2509	1
2510	1
2511	1
2512	1
2513	1
2514	1
2515	1
2516	1
2517	1
2518	1
2519	1
2520	1
2521	1
2522	1
2523	1
2524	1
2525	1
2526	4
2527	3
2528	1
2529	1
2530	1
2531	1
2532	1
2533	1
2534	1
2535	1
2536	1
2537	1
2538	1
2539	1
2540	1
2541	1
2542	1
2543	1
2544	1
2545	1
2546	3
2547	1
2548	1
2549	1
2550	1
2551	1
2552	1
2553	1
2554	1
2555	1
2556	1
2557	1
2558	1
2559	1
2560	1
2561	3
2562	1
2563	1
2564	3
2565	1
2566	1
2567	1
2568	1
2569	1
2570	1
2571	1
2572	1
2573	1
2574	1
2575	1
2576	1
2577	1
2578	1
2579	1
2580	1
2581	1
2582	1
2583	1
2584	1
2585	1
2586	1
2587	1
2588	1
2589	1
2590	1
2591	1
2592	1
2593	1
2594	1
2595	1
2596	1
2597	1
2598	1
2599	1
2600	1
2601	1
2602	1
2603	1
2604	1
2605	1
2606	1
2607	1
2608	1
2609	1
2610	1
2611	1
2612	1
2613	1
2614	1
2615	1
2616	1
2617	1
2618	1
2619	1
2620	1
2621	1
2622	1
2623	3
2624	3
2625	1
2626	1
2627	1
2628	1
2629	1
2630	1
2631	1
2632	1
2633	1
2634	1
2635	1
2636	1
2637	1
2638	1
2639	1
2640	1
2641	1
2642	1
2643	1
2644	4
2645	1
2646	1
2647	1
2648	1
2649	1
2650	1
2651	1
2652	3
2653	4
2654	3
2655	3
2656	1
2657	1
2658	3
2659	3
2660	3
2661	4
2662	4
2663	3
2664	4
2665	4
2666	3
2667	3
2668	4
2669	4
2670	4
2671	4
2672	3
2673	4
2674	4
2675	4
2676	3
2677	3
2678	3
2679	3
2680	3
2681	1
2682	1
2683	3
2684	1
2685	4
2686	3
2687	4
2688	3
2689	2
2690	1
2691	1
2692	3
2693	3
2694	4
2695	3
2696	3
2697	3
2698	3
2699	3
2700	3
2701	3
2702	3
2703	3
2704	3
2705	3
2706	3
2707	3
2708	3
2709	3
2710	3
2711	3
2712	1
2713	3
2714	3
2715	3
2716	3
2717	3
2718	3
2719	3
2720	3
2721	3
2722	3
2723	3
2724	3
2725	1
2726	1
2727	1
2728	1
2729	1
2730	5
2731	1
2732	1
2733	1
2734	3
2735	3
2736	3
2737	3
2738	3
2739	3
2740	3
2741	3
2742	3
2743	3
2744	3
2745	3
2746	3
2747	3
2748	3
2749	3
2750	3
2751	3
2752	1
2753	1
2754	3
2755	3
2756	3
2757	3
2758	1
2759	1
2760	1
2761	1
2762	3
2763	3
2764	4
2765	4
2766	4
2767	4
2768	3
2769	3
2770	3
2771	3
2772	3
2773	1
2774	1
2775	1
2776	1
2777	1
2778	1
2779	1
2780	1
2781	1
2782	1
2783	1
2784	1
2785	1
2786	1
2787	1
2788	1
2789	1
2790	1
2791	1
2792	1
2793	1
2794	1
2795	1
2796	1
2797	1
2798	1
2799	1
2800	1
2801	1
2802	1
2803	1
2804	1
2805	1
2806	1
2807	1
2808	1
2809	1
2810	1
2811	1
2812	1
2813	1
2814	1
2815	1
2816	1
2817	1
2818	3
2819	1
2820	1
2821	1
2822	1
2823	1
2824	1
2825	1
2826	1
2827	1
2828	1
2829	1
2830	1
2831	1
2832	1
2833	1
2834	1
2835	1
2836	1
2837	1
2838	1
2839	1
2840	1
2841	1
2842	1
2843	1
2844	1
2845	1
2846	1
2847	1
2848	1
2849	1
2850	1
2851	1
2852	1
2853	1
2854	1
2855	1
2856	1
2857	1
2858	1
2859	1
2860	1
2861	1
2862	1
2863	1
2864	1
2865	1
2866	1
2867	1
2868	1
2869	1
2870	1
2871	1
2872	1
2873	1
2874	3
2875	1
2876	1
2877	3
2878	1
2879	3
2880	4
2881	3
2882	3
2883	3
2884	3
2885	3
2886	1
2887	1
2888	3
2889	4
2890	3
2891	3
2892	3
2893	3
2894	1
2895	3
2896	1
2897	1
2898	1
2899	1
2900	1
2901	1
2902	1
2903	1
2904	1
2905	1
2906	1
2907	1
2908	1
2909	1
2910	1
2911	1
2912	1
2913	1
2914	1
2915	1
2916	1
2917	1
2918	1
2919	1
2920	1
2921	1
2922	1
2923	1
2924	1
2925	1
2926	1
2927	1
2928	1
2929	1
2930	1
2931	1
2932	1
2933	1
2934	1
2935	1
2936	1
2937	1
2938	1
2939	1
2940	1
2941	1
2942	1
2943	1
2944	1
2945	1
2946	1
2947	1
2948	1
2949	3
2950	1
2951	1
2952	1
2953	1
2954	1
2955	3
2956	1
2957	1
2958	1
2959	1
2960	1
2961	1
2962	1
2963	1
2964	1
2965	1
2966	1
2967	3
2968	4
2969	4
2970	1
2971	3
2972	3
2973	1
2974	1
2975	3
2976	3
2977	1
2978	3
2979	1
2980	3
2981	1
2982	1
2983	1
2984	1
2985	1
2986	1
2987	1
2988	1
2989	4
2990	1
2991	1
2992	1
2993	1
2994	4
2995	1
2996	1
2997	1
2998	1
2999	1
3000	1
3001	1
3002	3
3003	1
3004	4
3005	1
3006	1
3007	1
3008	1
3009	1
3010	1
3011	4
3012	4
3013	4
3014	4
3015	3
3016	3
3017	3
3018	3
3019	3
3020	3
3021	3
3022	3
3023	3
3024	1
3025	1
3026	1
3027	1
3028	1
3029	3
3030	1
3031	3
3032	1
3033	1
3034	1
3035	1
3036	1
3037	1
3038	1
3039	3
3040	1
3041	1
3042	1
3043	1
3044	1
3045	1
3046	1
3047	1
3048	1
3049	1
3050	1
3051	1
3052	1
3053	1
3054	1
3055	1
3056	1
3057	1
3058	1
3059	1
3060	1
3061	1
3062	1
3063	1
3064	1
3065	1
3066	1
3067	1
3068	1
3069	1
3070	1
3071	1
3072	1
3073	1
3074	1
3075	1
3076	1
3077	1
3078	1
3079	1
3080	1
3081	1
3082	3
3083	1
3084	1
3085	1
3086	1
3087	1
3088	1
3089	1
3090	1
3091	1
3092	1
3093	1
3094	1
3095	1
3096	1
3097	1
3098	1
3099	1
3100	1
3101	1
3102	1
3103	1
3104	1
3105	1
3106	1
3107	1
3108	1
3109	1
3110	1
3111	1
3112	1
3113	1
3114	3
3115	1
3116	3
3117	1
3118	1
3119	1
3120	1
3121	1
3122	2
3123	3
3124	1
3125	1
3126	1
3127	1
3128	1
3129	1
3130	1
3131	1
3132	1
3133	1
3134	1
3135	1
3136	1
3137	1
3138	1
3139	1
3140	1
3141	1
3142	1
3143	1
3144	1
3145	1
3146	1
3147	1
3148	1
3149	1
3150	1
3151	1
3152	1
3153	1
3154	1
3155	1
3156	1
3157	1
3158	1
3159	1
3160	1
3161	1
3162	1
3163	1
3164	1
3165	1
3166	1
3167	1
3168	1
3169	1
3170	1
3171	1
3172	1
3173	1
3174	1
3175	1
3176	1
3177	1
3178	1
3179	1
3180	1
3181	3
3182	1
3183	1
3184	1
3185	1
3186	1
3187	1
3188	1
3189	1
3190	1
3191	1
3192	1
3193	1
3194	1
3195	1
3196	1
3197	1
3198	1
3199	1
3200	1
3201	1
3202	1
3203	1
3204	1
3205	3
3206	1
3207	1
3208	1
3209	1
3210	1
3211	1
3212	1
3213	1
3214	1
3215	1
3216	1
3217	1
3218	1
3219	1
3220	1
3221	1
3222	1
3223	1
3224	1
3225	1
3226	1
3227	1
3228	1
3229	1
3230	1
3231	1
3232	1
3233	1
3234	1
3235	1
3236	1
3237	1
3238	1
3239	1
3240	1
3241	1
3242	1
3243	1
3244	3
3245	1
3246	1
3247	1
3248	1
3249	1
3250	1
3251	1
3252	1
3253	1
3254	1
3255	1
3256	1
3257	1
3258	1
3259	1
3260	1
3261	1
3262	1
3263	1
3264	1
3265	1
3266	1
3267	1
3268	1
3269	1
3270	1
3271	1
3272	1
3273	1
3274	1
3275	1
3276	1
3277	1
3278	1
3279	1
3280	1
3281	3
3282	1
3283	1
3284	1
3285	1
3286	1
3287	1
3288	1
3289	1
3290	1
3291	1
3292	1
3293	1
3294	1
3295	1
3296	1
3297	1
3298	1
3299	1
3300	1
3301	1
3302	1
3303	1
3304	1
3305	1
3306	1
3307	1
3308	1
3309	1
3310	1
3311	1
3312	1
3313	1
3314	1
3315	1
3316	1
3317	1
3318	1
3319	1
3320	1
3321	1
3322	1
3323	1
3324	1
3325	1
3326	1
3327	1
3328	1
3329	1
3330	1
3331	1
3332	1
3333	1
3334	1
3335	1
3336	1
3337	1
3338	1
3339	1
3340	1
3341	1
3342	1
3343	1
3344	1
3345	1
3346	1
3347	1
3348	1
3349	1
3350	3
3351	1
3352	1
3353	4
3354	4
3355	4
3356	4
3357	4
3358	4
3359	4
3360	4
3361	4
3362	4
3363	4
3364	4
3365	4
3366	4
3367	4
3368	4
3369	4
3370	4
3371	4
3372	4
3373	4
3374	4
3375	4
3376	4
3377	4
3378	4
3379	4
3380	4
3381	4
3382	4
3383	4
3384	4
3385	4
3386	4
3387	4
3388	4
3389	4
3390	4
3391	4
3392	4
3393	3
3394	4
3395	4
3396	4
3397	4
3398	4
3399	4
3400	5
3401	4
3402	4
3403	1
3404	2
3405	1
3406	1
3407	1
3408	1
3409	1
3410	1
3411	3
3412	4
3413	4
3414	3
3415	3
3416	1
3417	1
3418	1
3419	1
3420	1
3421	1
3422	1
3423	3
3424	1
3425	1
3426	3
3427	3
3428	1
3429	1
3430	1
3431	1
3432	1
3433	1
3434	1
3435	1
3436	1
3437	1
3438	1
3439	1
3440	1
3441	1
3442	1
3443	1
3444	1
3445	1
3446	1
3447	3
3448	1
3449	1
3450	1
3451	1
3452	1
3453	1
3454	1
3455	1
3456	1
3457	1
3458	1
3459	1
3460	1
3461	1
3462	1
3463	1
3464	1
3465	1
3466	4
3467	4
3468	3
3469	4
3470	3
3471	4
3472	3
3473	3
3474	3
3475	4
3476	3
3477	3
3478	3
3479	3
3480	3
3481	1
3482	1
3483	1
3484	1
3485	1
3486	1
3487	1
3488	1
3489	1
3490	1
3491	1
3492	1
3493	1
3494	1
3495	1
3496	1
3497	1
3498	1
3499	1
3500	1
3501	1
3502	1
3503	1
3504	1
3505	1
3506	1
3507	1
3508	1
3509	1
3510	1
3511	1
3512	1
3513	1
3514	1
3515	1
3516	1
3517	1
3518	1
3519	3
3520	3
3521	3
3522	1
3523	1
3524	3
3525	3
3526	4
3527	3
3528	3
3529	3
3530	1
3531	1
3532	1
3533	1
3534	1
3535	1
3536	1
3537	3
3538	3
3539	1
3540	1
3541	1
3542	1
3543	1
3544	1
3545	1
3546	3
3547	4
3548	3
3549	3
3550	3
3551	4
3552	3
3553	3
3554	3
3555	4
3556	3
3557	3
3558	1
3559	3
3560	3
3561	3
3562	3
3563	3
3564	3
3565	3
3566	3
3567	3
3568	3
3569	3
3570	4
3571	3
3572	3
3573	1
3574	3
3575	3
3576	3
3577	3
3578	3
3579	3
3580	1
3581	1
3582	1
3583	1
3584	1
3585	1
3586	1
3587	1
3588	1
3589	1
3590	1
3591	1
3592	1
3593	1
3594	1
3595	1
3596	1
3597	1
3598	1
3599	1
3600	1
3601	1
3602	1
3603	1
3604	3
3605	1
3606	1
3607	1
3608	1
3609	1
3610	3
3611	3
3612	1
3613	1
3614	1
3615	1
3616	1
3617	1
3618	1
3619	1
3620	1
3621	1
3622	1
3623	1
3624	1
3625	1
3626	1
3627	1
3628	1
3629	1
3630	1
3631	1
3632	1
3633	1
3634	1
3635	1
3636	3
3637	1
3638	1
3639	1
3640	1
3641	1
3642	1
3643	1
3644	1
3645	1
3646	1
3647	1
3648	1
3649	1
3650	1
3651	1
3652	1
3653	1
3654	1
3655	1
3656	1
3657	1
3658	1
3659	1
3660	1
3661	1
3662	1
3663	1
3664	1
3665	1
3666	1
3667	1
3668	1
3669	1
3670	1
3671	1
3672	1
3673	5
3674	5
3675	5
3676	5
3677	3
3678	5
3679	5
3680	5
3681	5
3682	5
3683	5
3684	5
3685	5
3686	5
3687	5
3688	5
3689	5
3690	4
3691	5
3692	5
3693	5
3694	5
3695	5
3696	5
3697	4
3698	5
3699	5
3700	5
3701	5
3702	5
3703	5
3704	4
3705	2
3706	5
3707	5
3708	5
3709	5
3710	5
3711	5
3712	5
3713	5
3714	5
3715	5
3716	5
3717	5
3718	5
3719	5
3720	5
3721	4
3722	5
3723	5
3724	5
3725	5
3726	5
3727	5
3728	5
3729	5
3730	5
3731	5
3732	5
3733	5
3734	5
3735	5
3736	5
3737	5
3738	5
3739	5
3740	5
3741	4
3742	4
3743	4
3744	4
3745	4
3746	5
3747	5
3748	5
3749	5
3750	4
3751	5
3752	4
3753	4
3754	5
3755	5
3756	5
3757	5
3758	5
3759	5
3760	5
3761	5
3762	5
3763	5
3764	5
3765	5
3766	5
3767	5
3768	5
3769	5
3770	5
3771	5
3772	4
3773	5
3774	5
3775	5
3776	5
3777	5
3778	5
3779	5
3780	5
3781	5
3782	5
3783	5
3784	5
3785	5
3786	5
3787	5
3788	5
3789	4
3790	5
3791	5
3792	5
3793	5
3794	5
3795	5
3796	4
3797	5
3798	5
3799	5
3800	5
3801	5
3802	5
3803	5
3804	5
3805	5
3806	5
3807	5
3808	5
3809	5
3810	5
3811	2
3812	2
3813	5
3814	5
3815	5
3816	5
3817	5
3818	5
3819	5
3820	5
3821	5
3822	5
3823	5
3824	5
3825	4
3826	5
3827	5
3828	5
3829	5
3830	5
3831	5
3832	4
3833	5
3834	5
3835	5
3836	5
3837	5
3838	5
3839	5
3840	5
3841	5
3842	5
3843	5
3844	5
3845	4
3846	5
3847	5
3848	5
3849	5
3850	5
3851	5
3852	5
3853	5
3854	5
3855	5
3856	5
3857	5
3858	5
3859	5
3860	5
3861	5
3862	5
3863	4
3864	4
3865	5
3866	4
3867	5
3868	5
3869	5
3870	5
3871	5
3872	5
3873	5
3874	5
3875	5
3876	5
3877	5
3878	5
3879	5
3880	5
3881	4
3882	5
3883	5
3884	5
3885	5
3886	5
3887	5
3888	5
3889	5
3890	5
3891	5
3892	5
3893	5
3894	5
3895	5
3896	5
3897	5
3898	5
3899	5
3900	5
3901	5
3902	5
3903	5
3904	5
3905	5
3906	5
3907	5
3908	5
3909	5
3910	5
3911	5
3912	5
3913	5
3914	5
3915	5
3916	5
3917	5
3918	5
3919	5
3920	5
3921	5
3922	5
3923	5
3924	5
3925	5
3926	5
3927	5
3928	5
3929	5
3930	5
3931	5
3932	5
3933	5
3934	5
3935	5
3936	5
3937	5
3938	5
3939	5
3940	5
3941	4
3942	4
3943	5
3944	5
3945	5
3946	5
3947	5
3948	5
3949	5
3950	5
3951	5
3952	5
3953	5
3954	5
3955	5
3956	5
3957	5
3958	4
3959	4
3960	4
3961	4
3962	4
3963	4
3964	4
3965	4
3966	4
3967	5
3968	5
3969	4
3970	4
3971	4
3972	4
3973	4
3974	4
3975	5
3976	4
3977	5
3978	5
3979	4
3980	4
3981	4
3982	4
3983	5
3984	4
3985	4
3986	4
3987	4
3988	4
3989	4
3990	4
3991	4
3992	4
3993	4
3994	4
3995	4
3996	4
3997	4
3998	4
3999	4
4000	4
4001	4
4002	4
4003	4
4004	4
4005	4
4006	4
4007	4
4008	4
4009	4
4010	4
4011	4
4012	4
4013	4
4014	4
4015	3
4016	4
4017	4
4018	4
4019	4
4020	4
4021	4
4022	4
4023	3
4024	4
4025	4
4026	4
4027	4
4028	4
4029	4
4030	4
4031	4
4032	4
4033	4
4034	4
4035	4
4036	4
4037	4
4038	4
4039	4
4040	4
4041	4
4042	4
4043	4
4044	4
4045	4
4046	4
4047	4
4048	4
4049	4
4050	4
4051	4
4052	4
4053	4
4054	4
4055	4
4056	4
4057	4
4058	4
4059	4
4060	4
4061	4
4062	4
4063	4
4064	4
4065	4
4066	4
4067	4
4068	4
4069	4
4070	4
4071	4
4072	4
4073	4
4074	4
4075	4
4076	4
4077	4
4078	4
4079	4
4080	4
4081	4
4082	4
4083	4
4084	4
4085	4
4086	4
4087	4
4088	4
4089	4
4090	4
4091	4
4092	4
4093	4
4094	4
4095	4
4096	4
4097	4
4098	4
4099	4
4100	4
4101	4
4102	4
4103	4
4104	4
4105	4
4106	4
4107	4
4108	4
4109	4
4110	4
4111	4
4112	4
4113	4
4114	4
4115	4
4116	4
4117	5
4118	4
4119	5
4120	4
4121	4
4122	4
4123	4
4124	4
4125	4
4126	4
4127	5
4128	5
4129	5
4130	5
4131	5
4132	5
4133	4
4134	5
4135	5
4136	5
4137	5
4138	5
4139	5
4140	5
4141	4
4142	4
4143	5
4144	5
4145	4
4146	5
4147	5
4148	5
4149	5
4150	5
4151	5
4152	5
4153	5
4154	5
4155	5
4156	5
4157	5
4158	5
4159	5
4160	5
4161	5
4162	5
4163	5
4164	5
4165	5
4166	5
4167	5
4168	5
4169	5
4170	5
4171	5
4172	5
4173	5
4174	5
4175	5
4176	5
4177	5
4178	5
4179	5
4180	5
4181	5
4182	5
4183	5
4184	5
4185	5
4186	5
4187	5
4188	5
4189	5
4190	5
4191	5
4192	5
4193	5
4194	5
4195	5
4196	5
4197	5
4198	5
4199	5
4200	5
4201	5
4202	5
4203	5
4204	5
4205	5
4206	5
4207	5
4208	4
4209	2
4210	2
4211	2
4212	2
4213	2
4214	2
4215	2
4216	2
4217	2
4218	2
4219	2
4220	2
4221	2
4222	2
4223	2
4224	2
4225	2
4226	2
4227	2
4228	2
4229	2
4230	2
4231	2
4232	2
4233	2
4234	2
4235	2
4236	2
4237	2
4238	2
4239	2
4240	2
4241	2
4242	2
4243	2
4244	2
4245	2
4246	2
4247	2
4248	2
4249	2
4250	2
4251	2
4252	2
4253	2
4254	2
4255	2
4256	2
4257	2
4258	4
4259	2
4260	2
4261	2
4262	2
4263	2
4264	2
4265	2
4266	2
4267	2
4268	2
4269	2
4270	2
4271	2
4272	2
4273	2
4274	5
4275	2
4276	5
4277	5
4278	5
4279	5
4280	2
4281	2
4282	2
4283	2
4284	2
4285	2
4286	2
4287	2
4288	2
4289	2
4290	2
4291	2
4292	2
4293	2
4294	2
4295	2
4296	2
4297	2
4298	2
4299	2
4300	2
4301	2
4302	2
4303	2
4304	2
4305	2
4306	2
4307	2
4308	2
4309	2
4310	2
4311	2
4312	2
4313	2
4314	2
4315	2
4316	2
4317	2
4318	2
4319	2
4320	2
4321	2
4322	2
4323	2
4324	2
4325	2
4326	2
4327	2
4328	2
4329	2
4330	2
4331	2
4332	2
4333	2
4334	2
4335	2
4336	2
4337	2
4338	2
4339	2
4340	2
4341	2
4342	2
4343	2
4344	2
4345	2
4346	2
4347	2
4348	2
4349	2
4350	2
4351	2
4352	2
4353	2
4354	2
4355	2
4356	2
4357	2
4358	2
4359	2
4360	2
4361	2
4362	2
4363	2
4364	2
4365	2
4366	2
4367	2
4368	2
4369	2
4370	2
4371	2
4372	2
4373	2
4374	2
4375	2
4376	2
4377	2
4378	2
4379	2
4380	2
4381	2
4382	2
4383	2
4384	2
4385	2
4386	2
4387	2
4388	2
4389	2
4390	2
4391	2
4392	2
4393	2
4394	2
4395	5
4396	5
4397	5
4398	5
4399	5
4400	5
4401	5
4402	5
4403	4
4404	3
4405	4
4406	4
4407	3
4408	1
4409	3
4410	4
4411	4
4412	4
4413	4
4414	4
4415	4
4416	4
4417	4
4418	4
4419	4
4420	4
4421	4
4422	4
4423	4
4424	4
4425	4
4426	4
4427	4
4428	4
4429	4
4430	4
4431	4
4432	4
4433	4
4434	4
4435	4
4436	4
4437	4
4438	4
4439	4
4440	4
4441	4
4442	4
4443	4
4444	4
4445	4
4446	4
4447	4
4448	4
4449	4
4450	3
4451	4
4452	4
4453	3
4454	4
4455	3
4456	3
4457	4
4458	4
4459	3
4460	4
4461	4
4462	4
4463	4
4464	3
4465	4
4466	4
4467	4
4468	4
4469	4
4470	4
4471	4
4472	4
4473	4
4474	4
4475	4
4476	4
4477	4
4478	4
4479	4
4480	4
4481	4
4482	4
4483	4
4484	4
4485	4
4486	4
4487	4
4488	4
4489	4
4490	4
4491	3
4492	4
4493	4
4494	4
4495	4
4496	4
4497	4
4498	4
4499	4
4500	4
4501	4
4502	4
4503	4
4504	4
4505	2
4506	4
4507	4
4508	4
4509	3
4510	4
4511	4
4512	4
4513	4
4514	4
4515	4
4516	4
4517	4
4518	4
4519	4
4520	4
4521	4
4522	4
4523	4
4524	4
4525	4
4526	4
4527	4
4528	4
4529	4
4530	4
4531	4
4532	4
4533	4
4534	4
4535	4
4536	4
4537	4
4538	4
4539	4
4540	4
4541	4
4542	4
4543	4
4544	4
4545	4
4546	4
4547	4
4548	4
4549	4
4550	4
4551	4
4552	4
4553	4
4554	4
4555	3
4556	4
4557	4
4558	3
4559	4
4560	3
4561	4
4562	4
4563	4
4564	4
4565	3
4566	4
4567	4
4568	3
4569	4
4570	4
4571	4
4572	4
4573	3
4574	3
4575	3
4576	4
4577	4
4578	4
4579	4
4580	4
4581	4
4582	4
4583	4
4584	4
4585	4
4586	4
4587	4
4588	4
4589	4
4590	4
4591	4
4592	4
4593	3
4594	4
4595	4
4596	4
4597	4
4598	4
4599	3
4600	4
4601	4
4602	4
4603	4
4604	4
4605	4
4606	4
4607	4
4608	4
4609	4
4610	4
4611	4
4612	4
4613	4
4614	4
4615	4
4616	4
4617	4
4618	4
4619	4
4620	4
4621	4
4622	4
4623	4
4624	4
4625	4
4626	4
4627	4
4628	4
4629	4
4630	4
4631	4
4632	4
4633	4
4634	4
4635	4
4636	3
4637	4
4638	4
4639	4
4640	4
4641	4
4642	4
4643	4
4644	4
4645	4
4646	4
4647	4
4648	4
4649	4
4650	4
4651	4
4652	4
4653	4
4654	4
4655	4
4656	4
4657	4
4658	4
4659	4
4660	4
4661	4
4662	4
4663	4
4664	4
4665	4
4666	2
4667	4
4668	4
4669	4
4670	5
4671	4
4672	4
4673	3
4674	4
4675	4
4676	4
4677	3
4678	4
4679	3
4680	4
4681	4
4682	2
4683	4
4684	4
4685	4
4686	4
4687	4
4688	4
4689	4
4690	4
4691	3
4692	4
4693	4
4694	4
4695	4
4696	3
4697	4
4698	4
4699	4
4700	4
4701	4
4702	4
4703	4
4704	4
4705	4
4706	4
4707	3
4708	3
4709	4
4710	4
4711	4
4712	3
4713	3
4714	3
4715	4
4716	3
4717	3
4718	4
4719	4
4720	3
4721	3
4722	3
4723	4
4724	4
4725	4
4726	3
4727	4
4728	3
4729	3
4730	3
4731	3
4732	3
4733	4
4734	3
4735	4
4736	4
4737	4
4738	4
4739	4
4740	4
4741	4
4742	4
4743	4
4744	4
4745	4
4746	4
4747	4
4748	4
4749	4
4750	4
4751	4
4752	4
4753	4
4754	4
4755	4
4756	4
4757	4
4758	4
4759	4
4760	4
4761	4
4762	4
4763	4
4764	4
4765	4
4766	4
4767	4
4768	4
4769	4
4770	4
4771	4
4772	4
4773	4
4774	4
4775	4
4776	4
4777	4
4778	4
4779	4
4780	4
4781	4
4782	4
4783	4
4784	4
4785	4
4786	4
4787	2
4788	4
4789	4
4790	4
4791	3
4792	3
4793	4
4794	4
4795	4
4796	4
4797	4
4798	4
4799	3
4800	3
4801	3
4802	4
4803	4
4804	4
4805	3
4806	4
4807	4
4808	4
4809	4
4810	4
4811	4
4812	4
4813	4
4814	4
4815	4
4816	4
4817	4
4818	4
4819	4
4820	4
4821	4
4822	4
4823	4
4824	4
4825	4
4826	4
4827	4
4828	4
4829	4
4830	4
4831	4
4832	4
4833	3
4834	4
4835	4
4836	4
4837	4
4838	4
4839	4
4840	4
4841	4
4842	4
4843	3
4844	4
4845	4
4846	4
4847	4
4848	4
4849	3
4850	4
4851	4
4852	4
4853	4
4854	4
4855	4
4856	4
4857	4
4858	4
4859	4
4860	4
4861	4
4862	4
4863	4
4864	4
4865	3
4866	4
4867	4
4868	4
4869	4
4870	4
4871	4
4872	4
4873	4
4874	4
4875	4
4876	4
4877	4
4878	4
4879	4
4880	4
4881	4
4882	4
4883	4
4884	3
4885	4
4886	4
4887	4
4888	4
4889	4
4890	4
4891	4
4892	4
4893	4
4894	4
4895	4
4896	3
4897	4
4898	4
4899	4
4900	4
4901	4
4902	3
4903	4
4904	3
4905	3
4906	4
4907	4
4908	3
4909	4
4910	4
4911	4
4912	4
4913	4
4914	4
4915	4
4916	4
4917	4
4918	4
4919	4
4920	4
4921	4
4922	4
4923	4
4924	4
4925	4
4926	4
4927	4
4928	4
4929	4
4930	4
4931	4
4932	4
4933	4
4934	4
4935	4
4936	4
4937	4
4938	4
4939	4
4940	4
4941	4
4942	4
4943	4
4944	4
4945	4
4946	4
4947	4
4948	3
4949	4
4950	3
4951	4
4952	4
4953	4
4954	4
4955	4
4956	4
4957	4
4958	4
4959	4
4960	4
4961	4
4962	4
4963	4
4964	4
4965	4
4966	4
4967	4
4968	4
4969	4
4970	4
4971	5
4972	3
4973	5
4974	4
4975	3
4976	4
4977	4
4978	4
4979	4
4980	4
4981	4
4982	4
4983	4
4984	4
4985	4
4986	4
4987	4
4988	4
4989	4
4990	4
4991	4
4992	4
4993	4
4994	4
4995	4
4996	4
4997	4
4998	4
4999	4
5000	4
5001	4
5002	4
5003	4
5004	4
5005	4
5006	4
5007	4
5008	4
5009	4
5010	4
5011	4
5012	4
5013	4
5014	4
5015	4
5016	4
5017	4
5018	4
5019	4
5020	4
5021	4
5022	4
5023	4
5024	4
5025	4
5026	3
5027	4
5028	4
5029	3
5030	4
5031	4
5032	4
5033	4
5034	3
5035	4
5036	4
5037	4
5038	4
5039	4
5040	3
5041	3
5042	4
5043	4
5044	4
5045	3
5046	4
5047	4
5048	3
5049	3
5050	4
5051	4
5052	3
5053	4
5054	4
5055	4
5056	4
5057	4
5058	4
5059	4
5060	3
5061	3
5062	3
5063	3
5064	4
5065	4
5066	4
5067	3
5068	3
5069	4
5070	3
5071	3
5072	4
5073	4
5074	3
5075	3
5076	4
5077	4
5078	3
5079	3
5080	3
5081	4
5082	4
5083	3
5084	4
5085	4
5086	4
5087	4
5088	3
5089	3
5090	4
5091	3
5092	4
5093	4
5094	3
5095	4
5096	4
5097	4
5098	4
5099	4
5100	4
5101	4
5102	4
5103	3
5104	3
5105	4
5106	4
5107	3
5108	3
5109	3
5110	3
5111	4
5112	3
5113	3
5114	3
5115	3
5116	3
5117	4
5118	4
5119	4
5120	3
5121	3
5122	3
5123	4
5124	4
5125	3
5126	4
5127	4
5128	4
5129	3
5130	4
5131	3
5132	4
5133	3
5134	3
5135	3
5136	3
5137	3
5138	3
5139	4
5140	3
5141	4
5142	3
5143	3
5144	4
5145	4
5146	4
5147	4
5148	3
5149	3
5150	3
5151	4
5152	3
5153	3
5154	3
5155	3
5156	3
5157	3
5158	3
5159	3
5160	3
5161	3
5162	3
5163	4
5164	3
5165	3
5166	3
5167	3
5168	3
5169	4
5170	3
5171	4
5172	4
5173	3
5174	3
5175	4
5176	4
5177	3
5178	3
5179	3
5180	3
5181	3
5182	3
5183	3
5184	3
5185	4
5186	3
5187	3
5188	3
5189	3
5190	3
5191	3
5192	3
5193	3
5194	3
5195	3
5196	3
5197	4
5198	4
5199	4
5200	4
5201	4
5202	4
5203	4
5204	4
5205	4
5206	4
5207	4
5208	4
5209	4
5210	4
5211	4
5212	4
5213	4
5214	4
5215	4
5216	4
5217	4
5218	4
5219	4
5220	4
5221	4
5222	4
5223	4
5224	4
5225	4
5226	4
5227	4
5228	4
5229	4
5230	4
5231	4
5232	4
5233	4
5234	4
5235	4
5236	4
5237	4
5238	4
5239	4
5240	4
5241	4
5242	4
5243	4
5244	4
5245	4
5246	4
5247	4
5248	4
5249	4
5250	4
5251	4
5252	4
5253	4
5254	4
5255	4
5256	4
5257	4
5258	4
5259	4
5260	4
5261	4
5262	4
5263	4
5264	4
5265	4
5266	4
5267	4
5268	4
5269	4
5270	4
5271	4
5272	4
5273	4
5274	4
5275	5
5276	4
5277	4
5278	4
5279	4
5280	4
5281	4
5282	4
5283	4
5284	4
5285	4
5286	4
5287	4
5288	4
5289	4
5290	4
5291	4
5292	4
5293	4
5294	4
5295	4
5296	4
5297	4
5298	4
5299	4
5300	4
5301	4
5302	4
5303	4
5304	4
5305	4
5306	4
5307	4
5308	4
5309	4
5310	4
5311	4
5312	4
5313	4
5314	4
5315	4
5316	4
5317	4
5318	4
5319	4
5320	4
5321	4
5322	4
5323	4
5324	3
5325	4
5326	4
5327	4
5328	4
5329	4
5330	4
5331	4
5332	4
5333	4
5334	4
5335	4
5336	4
5337	4
5338	4
5339	4
5340	4
5341	4
5342	4
5343	4
5344	4
5345	4
5346	4
5347	4
5348	4
5349	4
5350	4
5351	4
5352	4
5353	4
5354	4
5355	4
5356	4
5357	4
5358	4
5359	4
5360	4
5361	4
5362	4
5363	4
5364	4
5365	4
5366	4
5367	4
5368	4
5369	4
5370	4
5371	4
5372	4
5373	4
5374	4
5375	4
5376	4
5377	4
5378	4
5379	4
5380	4
5381	4
5382	4
5383	4
5384	4
5385	4
5386	4
5387	4
5388	4
5389	4
5390	4
5391	4
5392	4
5393	4
5394	4
5395	3
5396	4
5397	4
5398	4
5399	4
5400	4
5401	4
5402	4
5403	4
5404	4
5405	4
5406	4
5407	4
5408	4
5409	4
5410	4
5411	4
5412	4
5413	4
5414	4
5415	4
5416	4
5417	4
5418	4
5419	4
5420	4
5421	4
5422	4
5423	4
5424	4
5425	4
5426	4
5427	4
5428	4
5429	4
5430	4
5431	4
5432	4
5433	4
5434	4
5435	4
5436	4
5437	4
5438	4
5439	4
5440	4
5441	4
5442	4
5443	4
5444	4
5445	4
5446	4
5447	4
5448	4
5449	4
5450	4
5451	4
5452	4
5453	4
5454	3
5455	3
5456	3
5457	3
5458	3
5459	3
5460	3
5461	3
5462	1
5463	3
5464	3
5465	3
5466	3
5467	3
5468	3
5469	3
5470	3
5471	3
5472	4
5473	4
5474	4
5475	3
5476	3
5477	3
5478	3
5479	4
5480	3
5481	4
5482	4
5483	3
5484	3
5485	3
5486	4
5487	4
5488	4
5489	4
5490	3
5491	4
5492	3
5493	3
5494	4
5495	4
5496	4
5497	3
5498	4
5499	4
5500	3
5501	3
5502	3
5503	3
5504	4
5505	3
5506	3
5507	3
5508	3
5509	3
5510	3
5511	3
5512	3
5513	4
5514	3
5515	3
5516	3
5517	3
5518	4
5519	4
5520	3
5521	3
5522	3
5523	4
5524	3
5525	4
5526	3
5527	3
5528	3
5529	3
5530	3
5531	3
5532	3
5533	3
5534	3
5535	3
5536	3
5537	3
5538	3
5539	3
5540	3
5541	3
5542	3
5543	4
5544	3
5545	4
5546	3
5547	4
5548	3
5549	3
5550	3
5551	3
5552	3
5553	2
5554	4
5555	3
5556	3
5557	3
5558	3
5559	3
5560	3
5561	3
5562	3
5563	3
5564	3
5565	3
5566	4
5567	4
5568	3
5569	4
5570	2
5571	2
5572	4
5573	4
5574	4
5575	5
5576	4
5577	2
5578	4
5579	4
5580	4
5581	4
5582	4
5583	4
5584	4
5585	4
5586	4
5587	4
5588	4
5589	4
5590	4
5591	4
5592	4
5593	4
5594	4
5595	4
5596	4
5597	4
5598	4
5599	4
5600	4
5601	4
5602	4
5603	4
5604	4
5605	4
5606	4
5607	4
5608	3
5609	4
5610	4
5611	4
5612	4
5613	4
5614	3
5615	3
5616	4
5617	4
5618	4
5619	4
5620	4
5621	4
5622	4
5623	4
5624	4
5625	4
5626	4
5627	4
5628	4
5629	4
5630	4
5631	4
5632	4
5633	4
5634	4
5635	4
5636	4
5637	4
5638	4
5639	4
5640	3
5641	4
5642	4
5643	3
5644	3
5645	3
5646	4
5647	4
5648	4
5649	2
5650	4
5651	4
5652	4
5653	4
5654	4
5655	4
5656	4
5657	3
5658	4
5659	4
5660	4
5661	3
5662	4
5663	4
5664	4
5665	4
5666	4
5667	4
5668	4
5669	4
5670	3
5671	4
5672	3
5673	3
5674	4
5675	4
5676	4
5677	5
5678	4
5679	4
5680	4
5681	4
5682	4
5683	4
5684	4
5685	4
5686	4
5687	4
5688	4
5689	4
5690	4
5691	4
5692	4
5693	4
5694	4
5695	4
5696	4
5697	4
5698	4
5699	4
5700	4
5701	4
5702	4
5703	4
5704	4
5705	4
5706	4
5707	4
5708	4
5709	4
5710	4
5711	4
5712	4
5713	4
5714	4
5715	4
5716	4
5717	4
5718	4
5719	4
5720	4
5721	4
5722	4
5723	4
5724	4
5725	4
5726	4
5727	4
5728	4
5729	4
5730	4
5731	4
5732	4
5733	4
5734	4
5735	4
5736	4
5737	4
5738	4
5739	4
5740	4
5741	4
5742	4
5743	4
5744	4
5745	4
5746	4
5747	4
5748	4
5749	4
5750	4
5751	4
5752	4
5753	4
5754	4
5755	4
5756	4
5757	4
5758	4
5759	4
5760	4
5761	4
5762	4
5763	4
5764	4
5765	4
5766	4
5767	4
5768	4
5769	4
5770	4
5771	4
5772	4
5773	4
5774	4
5775	4
5776	4
5777	4
5778	4
5779	4
5780	4
5781	4
5782	4
5783	4
5784	4
5785	3
5786	4
5787	4
5788	4
5789	4
5790	4
5791	4
5792	4
5793	4
5794	4
5795	5
5796	4
5797	4
5798	4
5799	4
5800	4
5801	4
5802	4
5803	4
5804	4
5805	4
5806	4
5807	4
5808	4
5809	4
5810	4
5811	4
5812	4
5813	4
5814	4
5815	3
5816	4
5817	4
5818	4
5819	4
5820	4
5821	4
5822	4
5823	4
5824	4
5825	4
5826	4
5827	4
5828	4
5829	3
5830	4
5831	3
5832	3
5833	4
5834	4
5835	4
5836	4
5837	4
5838	4
5839	4
5840	4
5841	5
5842	5
5843	5
5844	5
5845	4
5846	4
5847	4
5848	4
5849	4
5850	4
5851	4
5852	4
5853	4
5854	5
5855	4
5856	4
5857	5
5858	4
5859	4
5860	4
5861	4
5862	4
5863	5
5864	5
5865	4
5866	4
5867	4
5868	4
5869	4
5870	4
5871	4
5872	4
5873	4
5874	4
5875	4
5876	4
5877	4
5878	4
5879	4
5880	4
5881	4
5882	4
5883	4
5884	4
5885	4
5886	4
5887	4
5888	4
5889	4
5890	4
5891	4
5892	4
5893	4
5894	4
5895	4
5896	4
5897	4
5898	4
5899	4
5900	4
5901	4
5902	4
5903	4
5904	4
5905	1
5906	4
5907	4
5908	4
5909	4
5910	4
5911	4
5912	4
5913	4
5914	4
5915	4
5916	4
5917	4
5918	4
5919	4
5920	4
5921	4
5922	4
5923	4
5924	4
5925	4
5926	4
5927	4
5928	4
5929	1
5930	4
5931	4
5932	4
5933	4
5934	4
5935	4
5936	4
5937	4
5938	4
5939	4
5940	4
5941	4
5942	4
5943	4
5944	4
5945	4
5946	4
5947	4
5948	4
5949	4
5950	4
5951	4
5952	4
5953	4
5954	4
5955	4
5956	4
5957	4
5958	4
5959	4
5960	4
5961	4
5962	4
5963	4
5964	4
5965	4
5966	4
5967	4
5968	4
5969	4
5970	4
5971	4
5972	4
5973	4
5974	4
5975	4
5976	4
5977	4
5978	4
5979	4
5980	4
5981	4
5982	4
5983	3
5984	4
5985	3
5986	4
5987	4
5988	4
5989	4
5990	4
5991	4
5992	4
5993	4
5994	4
5995	4
5996	4
5997	4
5998	4
5999	4
6000	4
6001	4
6002	4
6003	4
6004	4
6005	4
6006	4
6007	3
6008	4
6009	4
6010	4
6011	4
6012	4
6013	4
6014	4
6015	4
6016	4
6017	4
6018	4
6019	4
6020	4
6021	4
6022	4
6023	4
6024	4
6025	4
6026	4
6027	3
6028	4
6029	4
6030	4
6031	4
6032	4
6033	1
6034	4
6035	3
6036	4
6037	4
6038	3
6039	4
6040	2
6041	3
6042	3
6043	3
6044	4
6045	4
6046	4
6047	4
6048	3
6049	4
6050	3
6051	4
6052	4
6053	3
6054	3
6055	3
6056	3
6057	3
6058	4
6059	4
6060	3
6061	3
6062	4
6063	5
6064	3
6065	4
6066	4
6067	3
6068	4
6069	4
6070	3
6071	4
6072	4
6073	4
6074	3
6075	4
6076	4
6077	4
6078	4
6079	4
6080	4
6081	4
6082	4
6083	4
6084	4
6085	4
6086	4
6087	3
6088	4
6089	3
6090	3
6091	3
6092	1
6093	3
6094	3
6095	3
6096	3
6097	3
6098	3
6099	3
6100	3
6101	3
6102	3
6103	3
6104	3
6105	4
6106	3
6107	3
6108	1
6109	3
6110	3
6111	3
6112	5
6113	3
6114	3
6115	3
6116	4
6117	4
6118	4
6119	4
6120	4
6121	4
6122	4
6123	4
6124	4
6125	4
6126	4
6127	4
6128	4
6129	4
6130	4
6131	3
6132	3
6133	3
6134	4
6135	4
6136	3
6137	3
6138	4
6139	4
6140	4
6141	4
6142	4
6143	4
6144	4
6145	4
6146	4
6147	4
6148	4
6149	4
6150	4
6151	4
6152	4
6153	4
6154	4
6155	4
6156	4
6157	4
6158	3
6159	4
6160	3
6161	4
6162	5
6163	4
6164	4
6165	4
6166	4
6167	5
6168	4
6169	4
6170	4
6171	4
6172	4
6173	4
6174	4
6175	4
6176	4
6177	4
6178	4
6179	4
6180	4
6181	4
6182	4
6183	4
6184	4
6185	4
6186	4
6187	4
6188	4
6189	4
6190	4
6191	4
6192	4
6193	4
6194	4
6195	4
6196	4
6197	4
6198	3
6199	3
6200	4
6201	3
6202	4
6203	4
6204	4
6205	4
6206	4
6207	4
6208	3
6209	3
6210	4
6211	4
6212	3
6213	4
6214	3
6215	4
6216	4
6217	4
6218	3
6219	3
6220	3
6221	3
6222	3
6223	3
6224	4
6225	3
6226	5
6227	5
6228	5
6229	5
6230	5
6231	5
6232	5
6233	3
6234	3
6235	3
6236	3
6237	3
6238	3
6239	4
6240	3
6241	3
6242	3
6243	3
6244	4
6245	3
6246	3
6247	3
6248	3
6249	3
6250	3
6251	3
6252	3
6253	3
6254	3
6255	3
6256	3
6257	3
6258	4
6259	3
6260	3
6261	3
6262	3
6263	3
6264	4
6265	1
6266	3
6267	3
6268	3
6269	4
6270	3
6271	4
6272	4
6273	3
6274	3
6275	4
6276	3
6277	3
6278	4
6279	3
6280	3
6281	3
6282	4
6283	3
6284	3
6285	4
6286	4
6287	4
6288	4
6289	4
6290	4
6291	4
6292	4
6293	3
6294	4
6295	3
6296	4
6297	3
6298	4
6299	4
6300	4
6301	3
6302	3
6303	4
6304	4
6305	3
6306	3
6307	3
6308	4
6309	4
6310	4
6311	4
6312	3
6313	3
6314	4
6315	3
6316	5
6317	3
6318	3
6319	3
6320	3
6321	4
6322	3
6323	3
6324	4
6325	4
6326	4
6327	4
6328	4
6329	4
6330	4
6331	4
6332	4
6333	4
6334	4
6335	4
6336	4
6337	4
6338	4
6339	4
6340	4
6341	4
6342	4
6343	4
6344	4
6345	4
6346	4
6347	4
6348	4
6349	4
6350	4
6351	4
6352	4
6353	4
6354	4
6355	4
6356	4
6357	4
6358	4
6359	4
6360	4
6361	4
6362	4
6363	4
6364	4
6365	4
6366	4
6367	4
6368	4
6369	4
6370	4
6371	4
6372	4
6373	4
6374	4
6375	4
6376	4
6377	4
6378	4
6379	4
6380	4
6381	4
6382	4
6383	4
6384	4
6385	4
6386	4
6387	4
6388	4
6389	4
6390	4
6391	4
6392	4
6393	4
6394	4
6395	4
6396	4
6397	4
6398	4
6399	4
6400	4
6401	4
6402	4
6403	4
6404	4
6405	4
6406	4
6407	4
6408	4
6409	4
6410	4
6411	4
6412	4
6413	4
6414	4
6415	4
6416	4
6417	4
6418	4
6419	4
6420	4
6421	4
6422	4
6423	4
6424	4
6425	4
6426	4
6427	4
6428	4
6429	4
6430	4
6431	4
6432	4
6433	4
6434	4
6435	4
6436	4
6437	4
6438	4
6439	4
6440	4
6441	4
6442	4
6443	4
6444	4
6445	4
6446	4
6447	4
6448	2
6449	4
6450	2
6451	2
6452	4
6453	4
6454	4
6455	4
6456	4
6457	4
6458	4
6459	3
6460	4
6461	4
6462	4
6463	4
6464	4
6465	4
6466	4
6467	4
6468	4
6469	4
6470	4
6471	4
6472	4
6473	4
6474	4
6475	4
6476	4
6477	4
6478	4
6479	3
6480	4
6481	4
6482	4
6483	4
6484	4
6485	4
6486	4
6487	4
6488	2
6489	4
6490	4
6491	4
6492	4
6493	4
6494	4
6495	4
6496	4
6497	4
6498	4
6499	4
6500	4
6501	4
6502	4
6503	4
6504	5
6505	4
6506	4
6507	4
6508	4
6509	4
6510	4
6511	4
6512	4
6513	4
6514	4
6515	4
6516	4
6517	4
6518	4
6519	4
6520	4
6521	4
6522	4
6523	4
6524	4
6525	4
6526	4
6527	4
6528	4
6529	4
6530	4
6531	4
6532	4
6533	3
6534	4
6535	4
6536	4
6537	4
6538	4
6539	4
6540	4
6541	4
6542	4
6543	4
6544	4
6545	4
6546	4
6547	4
6548	4
6549	4
6550	4
6551	4
6552	4
6553	4
6554	4
6555	4
6556	4
6557	4
6558	4
6559	4
6560	4
6561	4
6562	4
6563	4
6564	4
6565	4
6566	4
6567	4
6568	4
6569	4
6570	4
6571	4
6572	4
6573	4
6574	4
6575	4
6576	4
6577	4
6578	4
6579	4
6580	4
6581	4
6582	4
6583	4
6584	4
6585	4
6586	4
6587	4
6588	4
6589	4
6590	4
6591	4
6592	4
6593	4
6594	4
6595	4
6596	4
6597	4
6598	4
6599	4
6600	4
6601	4
6602	4
6603	4
6604	4
6605	4
6606	4
6607	4
6608	4
6609	4
6610	4
6611	4
6612	4
6613	4
6614	4
6615	4
6616	3
6617	3
6618	4
6619	4
6620	4
6621	4
6622	4
6623	4
6624	4
6625	4
6626	4
6627	4
6628	4
6629	4
6630	4
6631	3
6632	4
6633	3
6634	4
6635	4
6636	4
6637	4
6638	4
6639	4
6640	4
6641	4
6642	4
6643	4
6644	4
6645	4
6646	4
6647	4
6648	4
6649	4
6650	4
6651	4
6652	4
6653	4
6654	4
6655	4
6656	4
6657	4
6658	4
6659	4
6660	4
6661	4
6662	4
6663	4
6664	4
6665	4
6666	4
6667	4
6668	4
6669	4
6670	4
6671	4
6672	4
6673	4
6674	4
6675	4
6676	4
6677	4
6678	4
6679	4
6680	4
6681	4
6682	4
6683	4
6684	4
6685	4
6686	4
6687	4
6688	4
6689	4
6690	4
6691	4
6692	4
6693	4
6694	4
6695	4
6696	4
6697	4
6698	4
6699	4
6700	4
6701	4
6702	4
6703	4
6704	4
6705	3
6706	3
6707	4
6708	4
6709	4
6710	4
6711	4
6712	4
6713	4
6714	4
6715	4
6716	4
6717	4
6718	4
6719	4
6720	4
6721	4
6722	4
6723	4
6724	4
6725	4
6726	4
6727	4
6728	4
6729	4
6730	4
6731	4
6732	4
6733	4
6734	4
6735	4
6736	4
6737	4
6738	4
6739	4
6740	4
6741	4
6742	4
6743	4
6744	3
6745	4
6746	4
6747	4
6748	4
6749	4
6750	4
6751	4
6752	4
6753	5
6754	4
6755	4
6756	4
6757	4
6758	4
6759	4
6760	4
6761	4
6762	4
6763	4
6764	4
6765	5
6766	4
6767	4
6768	4
6769	4
6770	4
6771	4
6772	4
6773	4
6774	4
6775	4
6776	4
6777	4
6778	4
6779	4
6780	4
6781	4
6782	4
6783	4
6784	4
6785	4
6786	4
6787	4
6788	4
6789	4
6790	4
6791	4
6792	4
6793	4
6794	4
6795	4
6796	4
6797	4
6798	3
6799	3
6800	3
6801	4
6802	4
6803	4
6804	4
6805	4
6806	4
6807	4
6808	3
6809	4
6810	4
6811	4
6812	4
6813	4
6814	4
6815	4
6816	4
6817	4
6818	4
6819	4
6820	4
6821	4
6822	4
6823	4
6824	4
6825	4
6826	4
6827	4
6828	4
6829	4
6830	4
6831	4
6832	4
6833	4
6834	4
6835	4
6836	4
6837	5
6838	5
6839	5
6840	5
6841	5
6842	4
6843	4
6844	4
6845	3
6846	4
6847	4
6848	4
6849	4
6850	4
6851	4
6852	4
6853	4
6854	4
6855	4
6856	4
6857	4
6858	4
6859	4
6860	4
6861	4
6862	4
6863	4
6864	4
6865	4
6866	4
6867	4
6868	4
6869	4
6870	4
6871	4
6872	4
6873	4
6874	4
6875	4
6876	4
6877	4
6878	4
6879	4
6880	4
6881	4
6882	4
6883	4
6884	4
6885	4
6886	4
6887	4
6888	4
6889	4
6890	3
6891	4
6892	4
6893	4
6894	4
6895	4
6896	4
6897	5
6898	4
6899	4
6900	3
6901	4
6902	4
6903	3
6904	4
6905	3
6906	4
6907	4
6908	4
6909	4
6910	4
6911	4
6912	4
6913	4
6914	4
6915	4
6916	4
6917	4
6918	4
6919	4
6920	4
6921	4
6922	4
6923	4
6924	4
6925	4
6926	4
6927	4
6928	4
6929	4
6930	4
6931	3
6932	3
6933	4
6934	4
6935	4
6936	4
6937	4
6938	4
6939	4
6940	4
6941	4
6942	4
6943	4
6944	4
6945	3
6946	3
6947	4
6948	4
6949	4
6950	4
6951	4
6952	4
6953	4
6954	4
6955	4
6956	4
6957	4
6958	5
6959	5
6960	4
6961	4
6962	4
6963	4
6964	4
6965	4
6966	4
6967	4
6968	4
6969	4
6970	4
6971	4
6972	4
6973	4
6974	4
6975	4
6976	4
6977	4
6978	4
6979	4
6980	4
6981	4
6982	4
6983	4
6984	4
6985	4
6986	4
6987	4
6988	4
6989	4
6990	4
6991	4
6992	4
6993	4
6994	4
6995	4
6996	4
6997	4
6998	4
6999	4
7000	4
7001	4
7002	4
7003	4
7004	4
7005	4
7006	4
7007	4
7008	4
7009	4
7010	4
7011	4
7012	4
7013	4
7014	4
7015	4
7016	4
7017	4
7018	4
7019	4
7020	4
7021	4
7022	4
7023	4
7024	4
7025	4
7026	4
7027	4
7028	4
7029	4
7030	4
7031	4
7032	4
7033	4
7034	4
7035	4
7036	4
7037	4
7038	4
7039	4
7040	4
7041	4
7042	4
7043	4
7044	4
7045	4
7046	4
7047	4
7048	4
7049	4
7050	4
7051	4
7052	4
7053	4
7054	4
7055	4
7056	4
7057	4
7058	4
7059	4
7060	4
7061	4
7062	5
7063	4
7064	4
7065	4
7066	4
7067	4
7068	4
7069	4
7070	4
7071	4
7072	4
7073	4
7074	4
7075	4
7076	4
7077	4
7078	4
7079	4
7080	4
7081	4
7082	4
7083	4
7084	4
7085	4
7086	4
7087	4
7088	4
7089	4
7090	4
7091	4
7092	4
7093	4
7094	4
7095	4
7096	4
7097	4
7098	4
7099	4
7100	4
7101	4
7102	4
7103	4
7104	4
7105	4
7106	4
7107	4
7108	4
7109	4
7110	4
7111	4
7112	4
7113	4
7114	4
7115	4
7116	4
7117	4
7118	4
7119	4
7120	4
7121	5
7122	3
7123	3
7124	4
7125	1
7126	4
7127	3
7128	4
7129	1
7130	1
7131	4
7132	4
7133	4
7134	4
7135	4
7136	4
7137	4
7138	4
7139	4
7140	4
7141	4
7142	4
7143	4
7144	4
7145	4
7146	4
7147	4
7148	4
7149	4
7150	4
7151	4
7152	4
7153	4
7154	4
7155	4
7156	4
7157	4
7158	4
7159	4
7160	4
7161	4
7162	4
7163	4
7164	4
7165	4
7166	4
7167	4
7168	4
7169	4
7170	4
7171	4
7172	4
7173	4
7174	4
7175	4
7176	4
7177	4
7178	4
7179	4
7180	4
7181	4
7182	4
7183	4
7184	4
7185	4
7186	4
7187	4
7188	4
7189	4
7190	4
7191	4
7192	4
7193	4
7194	4
7195	4
7196	4
7197	4
7198	4
7199	4
7200	4
7201	4
7202	4
7203	4
7204	4
7205	4
7206	4
7207	4
7208	4
7209	4
7210	4
7211	4
7212	4
7213	4
7214	4
7215	3
7216	4
7217	4
7218	4
7219	4
7220	4
7221	4
7222	4
7223	4
7224	4
7225	4
7226	4
7227	4
7228	4
7229	4
7230	4
7231	4
7232	4
7233	4
7234	4
7235	4
7236	4
7237	4
7238	4
7239	4
7240	4
7241	4
7242	4
7243	4
7244	4
7245	4
7246	4
7247	4
7248	4
7249	4
7250	4
7251	4
7252	4
7253	4
7254	4
7255	4
7256	3
7257	3
7258	3
7259	4
7260	4
7261	4
7262	4
7263	4
7264	4
7265	4
7266	4
7267	4
7268	4
7269	4
7270	2
7271	4
7272	4
7273	4
7274	4
7275	4
7276	4
7277	4
7278	4
7279	4
7280	4
7281	4
7282	4
7283	4
7284	4
7285	4
7286	4
7287	4
7288	4
7289	4
7290	4
7291	4
7292	4
7293	4
7294	4
7295	4
7296	4
7297	3
7298	4
7299	4
7300	4
7301	4
7302	4
7303	3
7304	4
7305	4
7306	3
7307	3
7308	4
7309	4
7310	4
7311	4
7312	4
7313	4
7314	4
7315	4
7316	4
7317	4
7318	4
7319	4
7320	4
7321	4
7322	4
7323	4
7324	4
7325	4
7326	4
7327	5
7328	5
7329	5
7330	5
7331	5
7332	5
7333	5
7334	5
7335	5
7336	5
7337	5
7338	5
7339	5
7340	5
7341	5
7342	5
7343	5
7344	5
7345	5
7346	5
7347	5
7348	5
7349	5
7350	5
7351	5
7352	5
7353	5
7354	5
7355	5
7356	5
7357	5
7358	5
7359	5
7360	5
7361	5
7362	5
7363	5
7364	5
7365	5
7366	5
7367	5
7368	5
7369	5
7370	5
7371	5
7372	5
7373	5
7374	5
7375	5
7376	5
7377	5
7378	5
7379	5
7380	5
7381	5
7382	5
7383	5
7384	5
7385	5
7386	5
7387	5
7388	5
7389	5
7390	5
7391	5
7392	5
7393	5
7394	5
7395	5
7396	5
7397	5
7398	5
7399	5
7400	5
7401	5
7402	5
7403	5
7404	5
7405	5
7406	5
7407	5
7408	5
7409	5
7410	5
7411	5
7412	5
7413	5
7414	5
7415	2
7416	2
7417	2
7418	2
7419	2
7420	2
7421	2
7422	2
7423	2
7424	2
7425	2
7426	2
7427	2
7428	2
7429	5
7430	5
7431	5
7432	5
7433	5
7434	2
7435	5
7436	5
7437	5
7438	5
7439	2
7440	5
7441	5
7442	5
7443	5
7444	5
7445	1
7446	1
7447	1
7448	1
7449	1
7450	1
7451	1
7452	1
7453	1
7454	1
7455	1
7456	1
7457	1
7458	1
7459	1
7460	1
7461	1
7462	1
7463	1
7464	1
7465	1
7466	1
7467	1
7468	1
7469	1
7470	1
7471	1
7472	1
7473	1
7474	1
7475	1
7476	1
7477	1
7478	1
7479	1
7480	1
7481	1
7482	3
7483	4
7484	1
7485	1
7486	1
7487	1
7488	1
7489	1
7490	1
7491	1
7492	1
7493	1
7494	1
7495	1
7496	3
7497	1
7498	1
7499	1
7500	3
7501	3
7502	3
7503	3
7504	3
7505	3
7506	3
7507	1
7508	1
7509	1
7510	1
7511	1
7512	1
7513	1
7514	1
7515	1
7516	1
7517	1
7518	1
7519	1
7520	1
7521	1
7522	1
7523	1
7524	1
7525	1
7526	1
7527	1
7528	1
7529	1
7530	1
7531	1
7532	1
7533	3
7534	3
7535	4
7536	3
7537	3
7538	3
7539	3
7540	3
7541	3
7542	3
7543	3
7544	4
7545	3
7546	3
7547	3
7548	3
7549	1
7550	3
7551	3
7552	3
7553	1
7554	1
7555	1
7556	1
7557	4
7558	3
7559	4
7560	4
7561	4
7562	3
7563	3
7564	4
7565	3
7566	3
7567	3
7568	3
7569	3
7570	3
7571	3
7572	3
7573	1
7574	3
7575	4
7576	1
7577	1
7578	1
7579	1
7580	3
7581	1
7582	1
7583	1
7584	1
7585	1
7586	1
7587	1
7588	1
7589	1
7590	1
7591	5
7592	5
7593	5
7594	5
7595	5
7596	5
7597	5
7598	5
7599	5
7600	5
7601	5
7602	5
7603	3
7604	5
7605	5
7606	5
7607	5
7608	3
7609	5
7610	5
7611	5
7612	5
7613	5
7614	5
7615	5
7616	5
7617	5
7618	5
7619	5
7620	5
7621	5
7622	5
7623	5
7624	5
7625	5
7626	5
7627	5
7628	5
7629	5
7630	5
7631	5
7632	5
7633	5
7634	5
7635	5
7636	5
7637	5
7638	5
7639	5
7640	5
7641	5
7642	5
7643	5
7644	5
7645	5
7646	5
7647	5
7648	5
7649	5
7650	5
7651	5
7652	5
7653	5
7654	5
7655	5
7656	5
7657	5
7658	3
7659	5
7660	5
7661	5
7662	5
7663	5
7664	5
7665	5
7666	5
7667	5
7668	5
7669	5
7670	5
7671	5
7672	5
7673	5
7674	5
7675	5
7676	5
7677	5
7678	5
7679	5
7680	5
7681	5
7682	5
7683	5
7684	5
7685	5
7686	5
7687	5
7688	5
7689	5
7690	5
7691	5
7692	5
7693	5
7694	5
7695	5
7696	5
7697	5
7698	3
7699	5
7700	5
7701	5
7702	5
7703	5
7704	5
7705	5
7706	5
7707	5
7708	5
7709	5
7710	5
7711	5
7712	5
7713	5
7714	5
7715	5
7716	5
7717	5
7718	5
7719	5
7720	5
7721	5
7722	5
7723	5
7724	5
7725	5
7726	5
7727	5
7728	5
7729	5
7730	5
7731	5
7732	5
7733	5
7734	5
7735	3
7736	5
7737	5
7738	5
7739	4
7740	5
7741	5
7742	5
7743	5
7744	5
7745	5
7746	5
7747	5
7748	5
7749	5
7750	5
7751	5
7752	5
7753	5
7754	5
7755	5
7756	5
7757	4
7758	5
7759	5
7760	5
7761	5
7762	5
7763	5
7764	5
7765	5
7766	5
7767	5
7768	5
7769	5
7770	5
7771	5
7772	5
7773	5
7774	5
7775	5
7776	5
7777	5
7778	5
7779	5
7780	5
7781	5
7782	5
7783	5
7784	5
7785	5
7786	5
7787	5
7788	5
7789	5
7790	5
7791	5
7792	5
7793	5
7794	5
7795	5
7796	5
7797	5
7798	5
7799	5
7800	5
7801	5
7802	5
7803	5
7804	5
7805	5
7806	5
7807	5
7808	5
7809	5
7810	5
7811	5
7812	5
7813	5
7814	5
7815	5
7816	5
7817	5
7818	5
7819	5
7820	5
7821	3
7822	3
7823	4
7824	3
7825	3
7826	3
7827	3
7828	3
7829	3
7830	3
7831	3
7832	4
7833	4
7834	3
7835	4
7836	3
7837	3
7838	3
7839	3
7840	4
7841	3
7842	3
7843	3
7844	3
7845	3
7846	3
7847	4
7848	4
7849	4
7850	4
7851	4
7852	3
7853	3
7854	3
7855	4
7856	4
7857	3
7858	3
7859	4
7860	3
7861	3
7862	3
7863	3
7864	3
7865	3
7866	3
7867	4
7868	3
7869	3
7870	3
7871	3
7872	4
7873	3
7874	3
7875	3
7876	3
7877	4
7878	4
7879	4
7880	3
7881	4
7882	3
7883	3
7884	3
7885	3
7886	3
7887	3
7888	3
7889	3
7890	4
7891	3
7892	3
7893	3
7894	3
7895	3
7896	3
7897	3
7898	3
7899	4
7900	3
7901	3
7902	3
7903	4
7904	4
7905	4
7906	4
7907	3
7908	3
7909	3
7910	3
7911	3
7912	4
7913	3
7914	3
7915	3
7916	4
7917	4
7918	3
7919	3
7920	3
7921	3
7922	3
7923	3
7924	3
7925	3
7926	1
7927	3
7928	4
7929	3
7930	4
7931	3
7932	3
7933	3
7934	3
7935	3
7936	4
7937	3
7938	3
7939	4
7940	3
7941	5
7942	3
7943	1
7944	1
7945	1
7946	1
7947	1
7948	1
7949	1
7950	1
7951	1
7952	1
7953	1
7954	1
7955	1
7956	1
7957	1
7958	1
7959	1
7960	1
7961	1
7962	1
7963	1
7964	1
7965	1
7966	1
7967	1
7968	1
7969	1
7970	1
7971	1
7972	1
7973	1
7974	1
7975	1
7976	1
7977	1
7978	1
7979	1
7980	1
7981	3
7982	3
7983	3
7984	1
7985	1
7986	1
7987	1
7988	1
7989	1
7990	1
7991	1
7992	1
7993	3
7994	3
7995	3
7996	1
7997	1
7998	3
7999	3
8000	1
8001	1
8002	3
8003	1
8004	1
8005	3
8006	3
8007	4
8008	4
8009	4
8010	4
8011	4
8012	1
8013	1
8014	1
8015	1
8016	1
8017	3
8018	1
8019	2
8020	2
8021	1
8022	1
8023	1
8024	1
8025	4
8026	1
8027	3
8028	3
8029	3
8030	3
8031	3
8032	3
8033	3
8034	3
8035	3
8036	3
8037	3
8038	3
8039	3
8040	3
8041	3
8042	3
8043	3
8044	3
8045	3
8046	3
8047	3
8048	3
8049	3
8050	4
8051	4
8052	4
8053	3
8054	3
8055	3
8056	3
8057	3
8058	3
8059	1
8060	3
8061	3
8062	3
8063	3
8064	3
8065	3
8066	3
8067	3
8068	3
8069	3
8070	4
8071	4
8072	4
8073	4
8074	4
8075	4
8076	4
8077	4
8078	4
8079	4
8080	4
8081	4
8082	4
8083	4
8084	4
8085	4
8086	4
8087	4
8088	4
8089	4
8090	4
8091	4
8092	4
8093	4
8094	4
8095	4
8096	4
8097	4
8098	4
8099	4
8100	4
8101	4
8102	4
8103	4
8104	4
8105	4
8106	4
8107	4
8108	4
8109	4
8110	5
8111	4
8112	4
8113	4
8114	4
8115	4
8116	4
8117	4
8118	4
8119	4
8120	4
8121	4
8122	4
8123	4
8124	4
8125	4
8126	4
8127	4
8128	4
8129	4
8130	4
8131	4
8132	4
8133	4
8134	4
8135	4
8136	4
8137	4
8138	4
8139	4
8140	4
8141	4
8142	4
8143	4
8144	4
8145	4
8146	4
8147	4
8148	4
8149	4
8150	4
8151	4
8152	4
8153	4
8154	4
8155	4
8156	4
8157	4
8158	4
8159	4
8160	4
8161	4
8162	4
8163	4
8164	4
8165	4
8166	4
8167	4
8168	4
8169	4
8170	4
8171	4
8172	4
8173	4
8174	4
8175	4
8176	4
8177	4
8178	4
8179	4
8180	4
8181	4
8182	4
8183	4
8184	4
8185	4
8186	4
8187	4
8188	4
8189	4
8190	4
8191	4
8192	4
8193	4
8194	4
8195	4
8196	4
8197	4
8198	4
8199	4
8200	4
8201	5
8202	4
8203	4
8204	4
8205	4
8206	4
8207	4
8208	4
8209	4
8210	4
8211	4
8212	4
8213	4
8214	4
8215	4
8216	4
8217	4
8218	4
8219	4
8220	4
8221	4
8222	4
8223	4
8224	4
8225	4
8226	4
8227	4
8228	4
8229	4
8230	4
8231	4
8232	4
8233	4
8234	4
8235	4
8236	4
8237	4
8238	4
8239	4
8240	4
8241	4
8242	4
8243	4
8244	4
8245	4
8246	4
8247	4
8248	4
8249	4
8250	4
8251	4
8252	4
8253	4
8254	4
8255	4
8256	4
8257	4
8258	4
8259	4
8260	4
8261	4
8262	4
8263	4
8264	4
8265	4
8266	4
8267	4
8268	4
8269	4
8270	4
8271	4
8272	4
8273	4
8274	4
8275	4
8276	4
8277	4
8278	4
8279	4
8280	4
8281	4
8282	4
8283	4
8284	4
8285	4
8286	4
8287	4
8288	4
8289	4
8290	4
8291	4
8292	4
8293	4
8294	4
8295	4
8296	4
8297	4
8298	4
8299	4
8300	4
8301	4
8302	4
8303	4
8304	4
8305	4
8306	4
8307	4
8308	4
8309	4
8310	4
8311	4
8312	4
8313	4
8314	4
8315	4
8316	4
8317	4
8318	4
8319	4
8320	4
8321	4
8322	4
8323	4
8324	4
8325	4
8326	4
8327	4
8328	4
8329	4
8330	4
8331	4
8332	4
8333	4
8334	4
8335	4
8336	4
8337	4
8338	4
8339	4
8340	4
8341	4
8342	4
8343	4
8344	4
8345	4
8346	4
8347	4
8348	4
8349	4
8350	4
8351	4
8352	4
8353	4
8354	4
8355	4
8356	4
8357	4
8358	4
8359	2
8360	4
8361	4
8362	4
8363	4
8364	4
8365	4
8366	4
8367	4
8368	4
8369	4
8370	4
8371	4
8372	4
8373	4
8374	4
8375	4
8376	4
8377	4
8378	4
8379	4
8380	4
8381	4
8382	4
8383	4
8384	4
8385	4
8386	4
8387	4
8388	4
8389	4
8390	4
8391	4
8392	4
8393	4
8394	4
8395	4
8396	5
8397	5
8398	5
8399	5
8400	5
8401	5
8402	5
8403	5
8404	5
8405	5
8406	5
8407	5
8408	5
8409	5
8410	5
8411	5
8412	5
8413	5
8414	5
8415	5
8416	5
8417	5
8418	5
8419	5
8420	5
8421	5
8422	5
8423	5
8424	5
8425	5
8426	5
8427	5
8428	5
8429	5
8430	5
8431	5
8432	5
8433	5
8434	5
8435	5
8436	5
8437	5
8438	5
8439	5
8440	5
8441	5
8442	2
8443	2
8444	2
8445	2
8446	2
8447	2
8448	2
8449	2
8450	2
8451	2
8452	2
8453	2
8454	2
8455	2
8456	2
8457	2
8458	2
8459	2
8460	2
8461	2
8462	2
8463	2
8464	2
8465	2
8466	2
8467	2
8468	2
8469	2
8470	2
8471	2
8472	2
8473	2
8474	2
8475	2
8476	2
8477	2
8478	2
8479	2
8480	2
8481	2
8482	2
8483	2
8484	2
8485	2
8486	2
8487	2
8488	2
8489	2
8490	2
8491	2
8492	2
8493	2
8494	2
8495	2
8496	2
8497	2
8498	2
8499	2
8500	2
8501	2
8502	2
8503	2
8504	2
8505	2
8506	2
8507	4
8508	2
8509	2
8510	2
8511	2
8512	2
8513	2
8514	2
8515	2
8516	2
8517	2
8518	2
8519	2
8520	2
8521	2
8522	2
8523	2
8524	2
8525	2
8526	2
8527	2
8528	2
8529	2
8530	2
8531	2
8532	2
8533	2
8534	2
8535	2
8536	2
8537	2
8538	2
8539	2
8540	2
8541	2
8542	2
8543	2
8544	2
8545	2
8546	2
8547	2
8548	2
8549	2
8550	2
8551	2
8552	2
8553	2
8554	2
8555	2
8556	2
8557	2
8558	2
8559	2
8560	2
8561	2
8562	2
8563	5
8564	2
8565	2
8566	2
8567	2
8568	2
8569	2
8570	2
8571	2
8572	2
8573	2
8574	2
8575	2
8576	2
8577	2
8578	2
8579	2
8580	2
8581	2
8582	2
8583	2
8584	2
8585	2
8586	2
8587	2
8588	2
8589	2
8590	2
8591	2
8592	2
8593	2
8594	2
8595	4
8596	2
8597	2
8598	2
8599	2
8600	2
8601	2
8602	2
8603	2
8604	2
8605	2
8606	2
8607	2
8608	2
8609	2
8610	2
8611	2
8612	2
8613	2
8614	2
8615	2
8616	2
8617	2
8618	2
8619	2
8620	2
8621	2
8622	2
8623	2
8624	2
8625	2
8626	2
8627	2
8628	2
8629	2
8630	2
8631	2
8632	2
8633	2
8634	2
8635	2
8636	2
8637	2
8638	2
8639	2
8640	2
8641	2
8642	2
8643	2
8644	2
8645	2
8646	2
8647	2
8648	2
8649	2
8650	2
8651	2
8652	2
8653	3
8654	3
8655	3
8656	4
8657	4
8658	3
8659	4
8660	3
8661	4
8662	3
8663	4
8664	4
8665	3
8666	3
8667	4
8668	4
8669	4
8670	3
8671	4
8672	3
8673	3
8674	1
8675	1
8676	1
8677	3
8678	3
8679	3
8680	3
8681	3
8682	1
8683	1
8684	1
8685	4
8686	3
8687	3
8688	3
8689	3
8690	3
8691	3
8692	3
8693	4
8694	4
8695	3
8696	3
8697	3
8698	3
8699	3
8700	3
8701	4
8702	3
8703	3
8704	3
8705	3
8706	3
8707	3
8708	3
8709	4
8710	3
8711	3
8712	3
8713	4
8714	3
8715	3
8716	4
8717	3
8718	1
8719	3
8720	3
8721	4
8722	4
8723	3
8724	3
8725	3
8726	3
8727	2
8728	2
8729	3
8730	3
8731	3
8732	3
8733	3
8734	3
8735	3
8736	3
8737	3
8738	3
8739	3
8740	3
8741	3
8742	5
8743	3
8744	4
8745	4
8746	3
8747	4
8748	4
8749	4
8750	1
8751	3
8752	3
8753	3
8754	3
8755	3
8756	3
8757	3
8758	3
8759	3
8760	3
8761	3
8762	3
8763	3
8764	4
8765	4
8766	4
8767	4
8768	4
8769	4
8770	4
8771	4
8772	4
8773	4
8774	4
8775	4
8776	4
8777	4
8778	4
8779	4
8780	4
8781	4
8782	4
8783	4
8784	4
8785	4
8786	4
8787	4
8788	4
8789	4
8790	4
8791	4
8792	4
8793	4
8794	4
8795	4
8796	4
8797	4
8798	4
8799	4
8800	4
8801	4
8802	4
8803	4
8804	4
8805	4
8806	4
8807	4
8808	4
8809	4
8810	4
8811	4
8812	4
8813	4
8814	4
8815	4
8816	4
8817	4
8818	4
8819	4
8820	4
8821	4
8822	4
8823	4
8824	4
8825	4
8826	4
8827	4
8828	4
8829	4
8830	4
8831	4
8832	4
8833	4
8834	4
8835	4
8836	4
8837	4
8838	4
8839	4
8840	4
8841	4
8842	4
8843	4
8844	5
8845	4
8846	4
8847	4
8848	4
8849	4
8850	4
8851	4
8852	4
8853	4
8854	4
8855	4
8856	4
8857	4
8858	4
8859	4
8860	4
8861	4
8862	4
8863	4
8864	4
8865	4
8866	4
8867	4
8868	4
8869	4
8870	4
8871	4
8872	4
8873	4
8874	4
8875	4
8876	4
8877	4
8878	4
8879	4
8880	4
8881	4
8882	4
8883	4
8884	4
8885	4
8886	4
8887	4
8888	4
8889	4
8890	4
8891	4
8892	5
8893	4
8894	4
8895	4
8896	4
8897	4
8898	4
8899	4
8900	4
8901	4
8902	4
8903	4
8904	4
8905	4
8906	4
8907	4
8908	4
8909	4
8910	4
8911	4
8912	4
8913	4
8914	4
8915	3
8916	4
8917	4
8918	4
8919	4
8920	4
8921	4
8922	4
8923	4
8924	4
8925	4
8926	4
8927	4
8928	4
8929	4
8930	4
8931	4
8932	4
8933	4
8934	4
8935	4
8936	4
8937	4
8938	4
8939	4
8940	4
8941	4
8942	4
8943	4
8944	4
8945	4
8946	4
8947	4
8948	4
8949	4
8950	4
8951	4
8952	4
8953	4
8954	4
8955	4
8956	4
8957	4
8958	4
8959	4
8960	4
8961	4
8962	4
8963	4
8964	4
8965	4
8966	5
8967	4
8968	4
8969	4
8970	4
8971	4
8972	4
8973	4
8974	4
8975	4
8976	4
8977	4
8978	4
8979	4
8980	4
8981	4
8982	4
8983	4
8984	4
8985	4
8986	4
8987	4
8988	4
8989	4
8990	3
8991	4
8992	4
8993	4
8994	5
8995	4
8996	4
8997	4
8998	4
8999	4
9000	4
9001	4
9002	4
9003	4
9004	4
9005	4
9006	4
9007	4
9008	4
9009	4
9010	4
9011	4
9012	4
9013	4
9014	4
9015	4
9016	4
9017	4
9018	4
9019	4
9020	4
9021	4
9022	4
9023	4
9024	4
9025	4
9026	4
9027	4
9028	4
9029	4
9030	4
9031	4
9032	4
9033	4
9034	4
9035	4
9036	4
9037	4
9038	4
9039	4
9040	4
9041	4
9042	4
9043	4
9044	4
9045	4
9046	4
9047	4
9048	4
9049	4
9050	4
9051	4
9052	4
9053	4
9054	2
9055	2
9056	2
9057	2
9058	2
9059	2
9060	2
9061	2
9062	2
9063	2
9064	2
9065	4
9066	3
9067	3
9068	3
9069	3
9070	3
9071	3
9072	3
9073	3
9074	3
9075	3
9076	3
9077	3
9078	5
9079	3
9080	3
9081	4
9082	2
9083	3
9084	3
9085	3
9086	2
9087	4
9088	4
9089	4
9090	3
9091	4
9092	4
9093	4
9094	4
9095	4
9096	4
9097	3
9098	3
9099	4
9100	3
9101	3
9102	3
9103	4
9104	4
9105	4
9106	3
9107	4
9108	4
9109	4
9110	3
9111	4
9112	5
9113	5
9114	5
9115	5
9116	5
9117	5
9118	5
9119	5
9120	5
9121	5
9122	5
9123	5
9124	5
9125	5
9126	5
9127	1
9128	1
9129	1
9130	3
9131	1
9132	1
9133	3
9134	3
9135	3
9136	4
9137	4
9138	3
9139	4
9140	4
9141	4
9142	4
9143	4
9144	4
9145	4
9146	4
9147	3
9148	2
9149	4
9150	3
9151	3
9152	2
9153	3
9154	4
9155	4
9156	4
9157	4
9158	4
9159	4
9160	1
9161	3
9162	4
9163	3
9164	3
9165	3
9166	3
9167	4
9168	4
9169	4
9170	2
9171	2
9172	5
9173	2
9174	2
9175	2
9176	2
9177	2
9178	2
9179	2
9180	2
9181	2
9182	2
9183	2
9184	2
9185	2
9186	2
9187	2
9188	2
9189	2
9190	2
9191	2
9192	2
9193	2
9194	2
9195	2
9196	2
9197	2
9198	2
9199	2
9200	2
9201	2
9202	2
9203	2
9204	2
9205	2
9206	2
9207	2
9208	2
9209	2
9210	2
9211	2
9212	2
9213	2
9214	2
9215	2
9216	2
9217	2
9218	2
9219	2
9220	2
9221	2
9222	2
9223	2
9224	2
9225	2
9226	2
9227	2
9228	2
9229	2
9230	2
9231	2
9232	2
9233	2
9234	2
9235	2
9236	2
9237	2
9238	2
9239	2
9240	2
9241	2
9242	2
9243	2
9244	2
9245	2
9246	2
9247	2
9248	2
9249	2
9250	2
9251	2
9252	2
9253	2
9254	2
9255	2
9256	2
9257	2
9258	2
9259	2
9260	2
9261	2
9262	2
9263	2
9264	2
9265	2
9266	2
9267	2
9268	2
9269	2
9270	2
9271	2
9272	2
9273	2
9274	2
9275	2
9276	2
9277	2
9278	2
9279	2
9280	4
9281	4
9282	4
9283	4
9284	4
9285	4
9286	4
9287	4
9288	4
9289	4
9290	4
9291	4
9292	4
9293	4
9294	5
9295	5
9296	3
9297	5
9298	4
9299	3
9300	4
9301	3
9302	4
9303	3
9304	3
9305	4
9306	4
9307	4
9308	3
9309	3
9310	3
9311	3
9312	3
9313	4
9314	4
9315	4
9316	3
9317	1
9318	4
9319	3
9320	4
9321	4
9322	4
9323	4
9324	4
9325	4
9326	4
9327	4
9328	4
9329	4
9330	4
9331	4
9332	4
9333	4
9334	4
9335	4
9336	4
9337	4
9338	4
9339	4
9340	4
9341	4
9342	4
9343	4
9344	4
9345	4
9346	4
9347	4
9348	4
9349	4
9350	4
9351	4
9352	4
9353	4
9354	4
9355	4
9356	4
9357	4
9358	5
9359	4
9360	4
9361	4
9362	4
9363	4
9364	4
9365	4
9366	4
9367	4
9368	4
9369	3
9370	4
9371	3
9372	4
9373	4
9374	4
9375	4
9376	4
9377	4
9378	4
9379	4
9380	4
9381	4
9382	4
9383	5
9384	4
9385	4
9386	4
9387	4
9388	4
9389	4
9390	4
9391	4
9392	4
9393	4
9394	4
9395	4
9396	4
9397	4
9398	5
9399	4
9400	4
9401	4
9402	4
9403	4
9404	4
9405	4
9406	4
9407	4
9408	4
9409	4
9410	4
9411	4
9412	4
9413	4
9414	4
9415	4
9416	4
9417	4
9418	4
9419	4
9420	4
9421	4
9422	3
9423	3
9424	3
9425	3
9426	4
9427	4
9428	4
9429	4
9430	4
9431	4
9432	4
9433	4
9434	1
9435	3
9436	3
9437	4
9438	4
9439	4
9440	4
9441	4
9442	3
9443	3
9444	4
9445	3
9446	4
9447	5
9448	5
9449	3
9450	4
9451	3
9452	4
9453	3
9454	4
9455	4
9456	4
9457	4
9458	4
9459	3
9460	4
9461	4
9462	4
9463	4
9464	4
9465	4
9466	4
9467	4
9468	4
9469	4
9470	4
9471	4
9472	4
9473	4
9474	4
9475	4
9476	4
9477	4
9478	4
9479	1
9480	4
9481	4
9482	4
9483	4
9484	4
9485	4
9486	4
9487	4
9488	4
9489	4
9490	3
9491	4
9492	3
9493	4
9494	4
9495	4
9496	4
9497	2
9498	2
9499	2
9500	4
9501	4
9502	4
9503	4
9504	4
9505	5
9506	5
9507	5
9508	5
9509	5
9510	5
9511	5
9512	5
9513	5
9514	5
9515	5
9516	5
9517	5
9518	5
9519	5
9520	5
9521	5
9522	5
9523	5
9524	5
9525	5
9526	5
9527	5
9528	5
9529	5
9530	5
9531	5
9532	5
9533	5
9534	5
9535	5
9536	5
9537	5
9538	5
9539	5
9540	5
9541	5
9542	5
9543	5
9544	5
9545	5
9546	5
9547	5
9548	5
9549	5
9550	5
9551	5
9552	5
9553	5
9554	5
9555	5
9556	5
9557	5
9558	5
9559	5
9560	4
9561	4
9562	4
9563	4
9564	4
9565	4
9566	4
9567	4
9568	4
9569	4
9570	4
9571	4
9572	4
9573	4
9574	4
9575	4
9576	4
9577	4
9578	4
9579	4
9580	4
9581	4
9582	4
9583	4
9584	4
9585	4
9586	4
9587	4
9588	4
9589	4
9590	4
9591	4
9592	4
9593	4
9594	4
9595	4
9596	4
9597	4
9598	4
9599	4
9600	4
9601	4
9602	4
9603	4
9604	4
9605	4
9606	4
9607	4
9608	4
9609	5
9610	4
9611	4
9612	4
9613	4
9614	4
9615	4
9616	4
9617	4
9618	4
9619	4
9620	4
9621	4
9622	4
9623	4
9624	4
9625	4
9626	4
9627	4
9628	4
9629	4
9630	4
9631	4
9632	4
9633	4
9634	4
9635	4
9636	4
9637	4
9638	4
9639	4
9640	4
9641	4
9642	4
9643	4
9644	4
9645	4
9646	4
9647	4
9648	4
9649	4
9650	4
9651	4
9652	4
9653	4
9654	4
9655	4
9656	4
9657	4
9658	4
9659	4
9660	4
9661	3
9662	4
9663	4
9664	4
9665	4
9666	4
9667	4
9668	4
9669	4
9670	4
9671	4
9672	4
9673	4
9674	4
9675	4
9676	4
9677	4
9678	4
9679	4
9680	2
9681	4
9682	5
9683	5
9684	5
9685	5
9686	4
9687	4
9688	4
9689	4
9690	4
9691	4
9692	4
9693	4
9694	4
9695	4
9696	4
9697	4
9698	4
9699	4
9700	4
9701	4
9702	4
9703	4
9704	4
9705	4
9706	4
9707	4
9708	4
9709	4
9710	4
9711	1
9712	1
9713	1
9714	1
9715	1
9716	1
9717	1
9718	1
9719	1
9720	1
9721	1
9722	1
9723	1
9724	1
9725	1
9726	1
9727	1
9728	1
9729	1
9730	1
9731	1
9732	1
9733	1
9734	1
9735	1
9736	1
9737	1
9738	1
9739	1
9740	1
9741	1
9742	1
9743	1
9744	1
9745	1
9746	1
9747	1
9748	1
9749	1
9750	1
9751	1
9752	1
9753	1
9754	1
9755	1
9756	1
9757	1
9758	1
9759	2
9760	1
9761	3
9762	3
9763	3
9764	3
9765	1
9766	1
9767	1
9768	1
9769	1
9770	1
9771	1
9772	1
9773	1
9774	1
9775	1
9776	1
9777	1
9778	1
9779	1
9780	1
9781	1
9782	1
9783	1
9784	3
9785	3
9786	3
9787	3
9788	3
9789	3
9790	1
9791	1
9792	1
9793	1
9794	1
9795	1
9796	1
9797	1
9798	1
9799	1
9800	1
9801	1
9802	1
9803	1
9804	1
9805	1
9806	1
9807	1
9808	1
9809	1
9810	1
9811	1
9812	1
9813	1
9814	1
9815	1
9816	1
9817	1
9818	1
9819	1
9820	1
9821	1
9822	4
9823	4
9824	3
9825	3
9826	4
9827	3
9828	4
9829	4
9830	4
9831	4
9832	4
9833	4
9834	4
9835	4
9836	4
9837	4
9838	4
9839	4
9840	4
9841	4
9842	4
9843	4
9844	4
9845	4
9846	4
9847	4
9848	4
9849	4
9850	4
9851	4
9852	4
9853	4
9854	4
9855	4
9856	4
9857	4
9858	4
9859	4
9860	4
9861	4
9862	4
9863	4
9864	4
9865	4
9866	4
9867	4
9868	4
9869	4
9870	4
9871	4
9872	4
9873	4
9874	4
9875	4
9876	4
9877	4
9878	4
9879	4
9880	4
9881	4
9882	4
9883	4
9884	4
9885	4
9886	4
9887	4
9888	4
9889	4
9890	4
9891	4
9892	4
9893	5
9894	4
9895	4
9896	4
9897	4
9898	4
9899	4
9900	4
9901	4
9902	4
9903	4
9904	4
9905	4
9906	2
9907	2
9908	2
9909	2
9910	5
9911	5
9912	5
9913	5
9914	5
9915	5
9916	5
9917	5
9918	5
9919	5
9920	5
9921	5
9922	5
9923	5
9924	5
9925	5
9926	5
9927	5
9928	5
9929	1
9930	3
9931	1
9932	1
9933	1
9934	1
9935	1
9936	1
9937	1
9938	1
9939	1
9940	1
9941	1
9942	1
9943	1
9944	1
9945	3
9946	1
9947	1
9948	1
9949	1
9950	1
9951	1
9952	1
9953	1
9954	1
9955	1
9956	1
9957	1
9958	1
9959	1
9960	1
9961	1
9962	3
9963	3
9964	3
9965	1
9966	1
9967	3
9968	3
9969	3
9970	1
9971	1
9972	1
9973	1
9974	3
9975	3
9976	3
9977	1
9978	1
9979	1
9980	1
9981	3
9982	1
9983	1
9984	3
9985	1
9986	1
9987	4
9988	3
9989	1
9990	1
9991	1
9992	3
9993	1
9994	1
9995	1
9996	1
9997	1
9998	1
9999	1
10000	1
10001	1
10002	1
10003	1
10004	1
10005	1
10006	1
10007	1
10008	1
10009	1
10010	3
10011	3
10012	1
10013	1
10014	1
10015	1
10016	1
10017	1
10018	1
10019	1
10020	3
10021	1
10022	1
10023	1
10024	3
10025	1
10026	1
10027	1
10028	1
10029	1
10030	3
10031	3
10032	1
10033	1
10034	1
10035	1
10036	1
10037	1
10038	1
10039	1
10040	1
10041	1
10042	1
10043	4
10044	4
10045	4
10046	1
10047	1
10048	3
10049	1
10050	1
10051	1
10052	1
10053	1
10054	1
10055	3
10056	4
10057	4
10058	3
10059	3
10060	3
10061	3
10062	1
10063	3
10064	3
10065	1
10066	3
10067	3
10068	1
10069	1
10070	3
10071	3
10072	1
10073	3
10074	3
10075	1
10076	1
10077	1
10078	1
10079	1
10080	1
10081	3
10082	1
10083	1
10084	1
10085	1
10086	1
10087	1
10088	1
10089	1
10090	4
10091	4
10092	2
10093	2
10094	2
10095	4
10096	4
10097	5
10098	4
10099	4
10100	4
10101	4
10102	4
10103	3
10104	3
10105	3
10106	3
10107	3
10108	3
10109	4
10110	4
10111	4
10112	4
10113	4
10114	3
10115	4
10116	4
10117	3
10118	5
10119	5
10120	4
10121	4
10122	2
10123	4
10124	4
10125	4
10126	4
10127	3
10128	3
10129	4
10130	3
10131	4
10132	4
10133	4
10134	4
10135	3
10136	3
10137	4
10138	4
10139	4
10140	1
10141	3
10142	3
10143	3
10144	3
10145	3
10146	4
10147	4
10148	4
10149	3
10150	4
10151	3
10152	4
10153	4
10154	4
10155	4
10156	4
10157	4
10158	4
10159	4
10160	4
10161	4
10162	4
10163	4
10164	2
10165	2
10166	4
10167	4
10168	4
10169	4
10170	4
10171	3
10172	3
10173	4
10174	4
10175	4
10176	4
10177	4
10178	4
10179	4
10180	4
10181	4
10182	4
10183	4
10184	4
10185	4
10186	4
10187	4
10188	4
10189	4
10190	4
10191	4
10192	4
10193	4
10194	4
10195	4
10196	4
10197	2
10198	3
10199	4
10200	4
10201	4
10202	4
10203	4
10204	4
10205	4
10206	3
10207	4
10208	4
10209	4
10210	4
10211	4
10212	4
10213	4
10214	4
10215	4
10216	4
10217	4
10218	4
10219	4
10220	4
10221	4
10222	2
10223	2
10224	2
10225	2
10226	2
10227	2
10228	2
10229	2
10230	2
10231	2
10232	2
10233	2
10234	2
10235	2
10236	2
10237	2
10238	2
10239	2
10240	2
10241	2
10242	2
10243	2
10244	2
10245	2
10246	2
10247	2
10248	2
10249	2
10250	2
10251	2
10252	2
10253	2
10254	2
10255	2
10256	2
10257	2
10258	2
10259	2
10260	2
10261	2
10262	2
10263	2
10264	2
10265	2
10266	2
10267	2
10268	2
10269	1
10270	1
10271	3
10272	1
10273	1
10274	1
10275	1
10276	1
10277	1
10278	1
10279	1
10280	1
10281	1
10282	1
10283	1
10284	1
10285	1
10286	1
10287	3
10288	3
10289	3
10290	3
10291	3
10292	3
10293	3
10294	3
10295	3
10296	3
10297	3
10298	1
10299	3
10300	3
10301	3
10302	3
10303	3
10304	3
10305	3
10306	3
10307	3
10308	3
10309	4
10310	3
10311	3
10312	3
10313	3
10314	3
10315	3
10316	3
10317	3
10318	4
10319	3
10320	3
10321	3
10322	3
10323	5
10324	3
10325	3
10326	3
10327	3
10328	3
10329	3
10330	3
10331	3
10332	3
10333	3
10334	3
10335	2
10336	2
10337	3
10338	3
10339	3
10340	3
10341	2
10342	3
10343	3
10344	3
10345	3
10346	3
10347	3
10348	3
10349	3
10350	3
10351	3
10352	3
10353	3
10354	4
10355	3
10356	4
10357	3
10358	4
10359	4
10360	3
10361	3
10362	3
10363	4
10364	4
10365	4
10366	4
10367	4
10368	4
10369	4
10370	4
10371	4
10372	4
10373	4
10374	4
10375	4
10376	4
10377	4
10378	4
10379	4
10380	4
10381	4
10382	3
10383	4
10384	4
10385	4
10386	4
10387	4
10388	3
10389	3
10390	3
10391	4
10392	4
10393	4
10394	3
10395	5
10396	4
10397	4
10398	4
10399	4
10400	4
10401	4
10402	4
10403	4
10404	4
10405	4
10406	4
10407	4
10408	4
10409	4
10410	4
10411	4
10412	5
10413	4
10414	4
10415	4
10416	4
10417	4
10418	4
10419	4
10420	4
10421	4
10422	4
10423	4
10424	4
10425	4
10426	4
10427	4
10428	4
10429	4
10430	4
10431	4
10432	4
10433	4
10434	3
10435	4
10436	4
10437	4
10438	3
10439	3
10440	4
10441	3
10442	3
10443	4
10444	4
10445	4
10446	4
10447	4
10448	3
10449	4
10450	4
10451	4
10452	4
10453	1
10454	4
10455	4
10456	4
10457	4
10458	4
10459	4
10460	4
10461	4
10462	4
10463	4
10464	4
10465	4
10466	4
10467	4
10468	4
10469	4
10470	3
10471	4
10472	4
10473	4
10474	4
10475	4
10476	5
10477	3
10478	3
10479	3
10480	3
10481	4
10482	5
10483	3
10484	5
10485	5
10486	3
10487	5
10488	3
10489	3
10490	3
10491	3
10492	3
10493	4
10494	4
10495	4
10496	3
10497	3
10498	3
10499	5
10500	3
10501	4
10502	4
10503	4
10504	4
10505	4
10506	4
10507	4
10508	4
10509	4
10510	4
10511	3
10512	3
10513	4
10514	4
10515	4
10516	4
10517	3
10518	3
10519	3
10520	3
10521	3
10522	3
10523	3
10524	3
10525	4
10526	4
10527	3
10528	4
10529	3
10530	3
10531	3
10532	3
10533	3
10534	3
10535	3
10536	3
10537	1
10538	3
10539	3
10540	3
10541	3
10542	3
10543	3
10544	3
10545	3
10546	3
10547	3
10548	5
10549	3
10550	3
10551	3
10552	3
10553	5
10554	3
10555	3
10556	3
10557	3
10558	3
10559	3
10560	5
10561	4
10562	4
10563	4
10564	3
10565	3
10566	4
10567	4
10568	4
10569	4
10570	4
10571	4
10572	4
10573	4
10574	4
10575	4
10576	4
10577	4
10578	4
10579	3
10580	3
10581	1
10582	3
10583	3
10584	3
10585	4
10586	4
10587	4
10588	4
10589	4
10590	4
10591	4
10592	4
10593	4
10594	4
10595	3
10596	4
10597	3
10598	3
10599	4
10600	3
10601	4
10602	4
10603	4
10604	4
10605	4
10606	4
10607	4
10608	4
10609	4
10610	4
10611	5
10612	5
10613	5
10614	5
10615	5
10616	5
10617	5
10618	5
10619	5
10620	5
10621	5
10622	5
10623	5
10624	5
10625	5
10626	5
10627	5
10628	5
10629	5
10630	5
10631	5
10632	5
10633	5
10634	5
10635	5
10636	5
10637	5
10638	5
10639	5
10640	5
10641	4
10642	5
10643	5
10644	5
10645	5
10646	5
10647	5
10648	5
10649	5
10650	5
10651	5
10652	5
10653	4
10654	4
10655	4
10656	4
10657	4
10658	4
10659	4
10660	4
10661	4
10662	4
10663	4
10664	4
10665	4
10666	4
10667	4
10668	4
10669	4
10670	2
10671	4
10672	4
10673	4
10674	4
10675	4
10676	4
10677	4
10678	4
10679	4
10680	1
10681	1
10682	1
10683	1
10684	4
10685	4
10686	4
10687	4
10688	4
10689	4
10690	4
10691	1
10692	4
10693	2
10694	4
10695	4
10696	4
10697	3
10698	4
10699	4
10700	4
10701	1
10702	1
10703	1
10704	1
10705	1
10706	1
10707	1
10708	3
10709	3
10710	3
10711	3
10712	3
10713	3
10714	3
10715	3
10716	3
10717	1
10718	1
10719	1
10720	1
10721	1
10722	2
10723	3
10724	3
10725	3
10726	1
10727	3
10728	1
10729	1
10730	1
10731	1
10732	1
10733	1
10734	2
10735	3
10736	3
10737	3
10738	3
10739	1
10740	1
10741	1
10742	1
10743	1
10744	5
10745	5
10746	5
10747	5
10748	5
10749	5
10750	5
10751	5
10752	5
10753	5
10754	5
10755	5
10756	5
10757	5
10758	5
10759	5
10760	5
10761	5
10762	5
10763	5
10764	5
10765	5
10766	5
10767	5
10768	5
10769	5
10770	5
10771	5
10772	5
10773	5
10774	5
10775	5
10776	5
10777	5
10778	5
10779	5
10780	5
10781	5
10782	5
10783	5
10784	5
10785	5
10786	5
10787	5
10788	5
10789	5
10790	5
10791	5
10792	5
10793	5
10794	5
10795	5
10796	5
10797	5
10798	5
10799	5
10800	5
10801	3
10802	5
10803	5
10804	5
10805	5
10806	5
10807	5
10808	5
10809	5
10810	5
10811	5
10812	5
10813	5
10814	5
10815	5
10816	5
10817	5
10818	5
10819	5
10820	5
10821	5
10822	5
10823	5
10824	5
10825	5
10826	5
10827	5
10828	5
10829	5
10830	5
10831	5
10832	5
10833	5
10834	5
10835	5
10836	5
10837	5
10838	2
10839	2
10840	2
10841	5
10842	5
10843	5
10844	5
10845	5
10846	5
10847	5
10848	5
10849	5
10850	5
10851	5
10852	5
10853	5
10854	5
10855	5
10856	5
10857	5
10858	5
10859	5
10860	5
10861	5
10862	5
10863	5
10864	5
10865	5
10866	5
10867	5
10868	5
10869	5
10870	5
10871	5
10872	5
10873	5
10874	5
10875	5
10876	5
10877	5
10878	5
10879	5
10880	5
10881	5
10882	5
10883	5
10884	5
10885	5
10886	5
10887	5
10888	5
10889	5
10890	5
10891	5
10892	5
10893	5
10894	5
10895	5
10896	5
10897	5
10898	5
10899	5
10900	5
10901	5
10902	5
10903	5
10904	5
10905	5
10906	5
10907	5
10908	5
10909	5
10910	5
10911	5
10912	5
10913	5
10914	5
10915	5
10916	5
10917	5
10918	5
10919	5
10920	5
10921	5
10922	5
10923	5
10924	5
10925	5
10926	5
10927	5
10928	5
10929	5
10930	5
10931	5
10932	5
10933	5
10934	5
10935	5
10936	5
10937	5
10938	5
10939	5
10940	5
10941	5
10942	5
10943	5
10944	5
10945	5
10946	5
10947	5
10948	5
10949	5
10950	5
10951	4
10952	4
10953	4
10954	4
10955	4
10956	4
10957	4
10958	4
10959	4
10960	4
10961	4
10962	4
10963	2
10964	4
10965	4
10966	4
10967	4
10968	4
10969	4
10970	2
10971	2
10972	2
10973	2
10974	2
10975	2
10976	2
10977	2
10978	2
10979	2
10980	2
10981	2
10982	2
10983	2
10984	2
10985	2
10986	2
10987	2
10988	2
10989	2
10990	2
10991	2
10992	2
10993	2
10994	1
10995	1
10996	1
10997	1
10998	1
10999	1
11000	1
11001	1
11002	1
11003	1
11004	1
11005	3
11006	3
11007	1
11008	1
11009	1
11010	1
11011	1
11012	1
11013	3
11014	1
11015	3
11016	3
11017	1
11018	2
11019	2
11020	2
11021	2
11022	2
11023	2
11024	2
11025	2
11026	2
11027	2
11028	2
11029	2
11030	2
11031	2
11032	2
11033	2
11034	2
11035	2
11036	2
11037	2
11038	2
11039	2
11040	2
11041	2
11042	2
11043	2
11044	2
11045	2
11046	2
11047	2
11048	2
11049	2
11050	2
11051	2
11052	2
11053	2
11054	2
11055	2
11056	2
11057	2
11058	2
11059	2
11060	2
11061	2
11062	2
11063	2
11064	2
11065	2
11066	2
11067	2
11068	2
11069	2
11070	2
11071	2
11072	2
11073	2
11074	2
11075	2
11076	2
11077	2
11078	2
11079	2
11080	2
11081	2
11082	2
11083	2
11084	2
11085	2
11086	2
11087	2
11088	2
11089	2
11090	2
11091	2
11092	2
11093	2
11094	2
11095	2
11096	2
11097	2
11098	2
11099	2
11100	2
11101	2
11102	2
11103	2
11104	2
11105	2
11106	2
11107	2
11108	2
11109	2
11110	2
11111	2
11112	2
11113	2
11114	2
11115	2
11116	2
11117	2
11118	2
11119	2
11120	2
11121	2
11122	2
11123	2
11124	2
11125	4
11126	4
11127	4
11128	4
11129	4
11130	4
11131	4
11132	4
11133	4
11134	4
11135	4
11136	4
11137	4
11138	4
11139	4
11140	4
11141	4
11142	4
11143	4
11144	4
11145	1
11146	1
11147	1
11148	4
11149	3
11150	3
11151	3
11152	3
11153	4
11154	3
11155	1
11156	3
11157	3
11158	3
11159	3
11160	3
11161	3
11162	3
11163	3
11164	1
11165	3
11166	4
11167	3
11168	3
11169	3
11170	3
11171	3
11172	3
11173	3
11174	3
11175	3
11176	3
11177	3
11178	3
11179	3
11180	3
11181	4
11182	3
11183	4
11184	3
11185	3
11186	3
11187	1
11188	3
11189	3
11190	3
11191	3
11192	3
11193	3
11194	2
11195	2
11196	2
11197	2
11198	2
11199	2
11200	2
11201	2
11202	2
11203	2
11204	2
11205	2
11206	5
11207	5
11208	2
11209	2
11210	2
11211	2
11212	2
11213	2
11214	2
11215	4
11216	4
11217	4
11218	4
11219	5
11220	5
11221	4
11222	4
11223	4
11224	4
11225	4
11226	4
11227	4
11228	4
11229	4
11230	4
11231	4
11232	4
11233	4
11234	4
11235	4
11236	4
11237	4
11238	4
11239	4
11240	4
11241	4
11242	4
11243	4
11244	4
11245	4
11246	4
11247	4
11248	4
11249	4
11250	4
11251	4
11252	4
11253	4
11254	4
11255	4
11256	4
11257	4
11258	4
11259	4
11260	4
11261	4
11262	4
11263	4
11264	4
11265	4
11266	2
11267	2
11268	2
11269	4
11270	4
11271	4
11272	4
11273	4
11274	4
11275	4
11276	4
11277	4
11278	4
11279	4
11280	4
11281	4
11282	4
11283	4
11284	4
11285	4
11286	4
11287	4
11288	4
11289	4
11290	4
11291	4
11292	2
11293	4
11294	2
11295	4
11296	4
11297	4
11298	4
11299	4
11300	4
11301	4
11302	4
11303	4
11304	4
11305	4
11306	4
11307	4
11308	4
11309	4
11310	4
11311	4
11312	4
11313	4
11314	3
11315	4
11316	4
11317	4
11318	4
11319	4
11320	4
11321	4
11322	4
11323	4
11324	4
11325	4
11326	4
11327	4
11328	4
11329	4
11330	3
11331	4
11332	4
11333	4
11334	4
11335	4
11336	4
11337	4
11338	4
11339	5
11340	5
11341	4
11342	4
11343	4
11344	5
11345	4
11346	4
11347	4
11348	4
11349	4
11350	4
11351	4
11352	4
11353	4
11354	4
11355	4
11356	4
11357	4
11358	4
11359	4
11360	4
11361	4
11362	4
11363	4
11364	4
11365	4
11366	4
11367	4
11368	4
11369	4
11370	4
11371	4
11372	4
11373	4
11374	3
11375	4
11376	3
11377	3
11378	4
11379	4
11380	4
11381	4
11382	4
11383	4
11384	4
11385	4
11386	3
11387	5
11388	4
11389	4
11390	4
11391	4
11392	4
11393	4
11394	4
11395	4
11396	4
11397	4
11398	4
11399	4
11400	4
11401	4
11402	4
11403	4
11404	3
11405	4
11406	3
11407	4
11408	4
11409	4
11410	3
11411	2
11412	2
11413	4
11414	3
11415	4
11416	3
11417	3
11418	3
11419	3
11420	4
11421	4
11422	4
11423	4
11424	4
11425	4
11426	4
11427	3
11428	3
11429	4
11430	4
11431	4
11432	4
11433	4
11434	4
11435	4
11436	4
11437	4
11438	4
11439	4
11440	4
11441	4
11442	3
11443	3
11444	4
11445	3
11446	3
11447	4
11448	3
11449	3
11450	3
11451	3
11452	1
11453	3
11454	4
11455	2
11456	4
11457	4
11458	4
11459	4
11460	5
11461	4
11462	4
11463	4
11464	4
11465	4
11466	4
11467	4
11468	4
11469	3
11470	4
11471	4
11472	4
11473	4
11474	4
11475	3
11476	4
11477	4
11478	4
11479	4
11480	4
11481	4
11482	4
11483	4
11484	3
11485	4
11486	3
11487	4
11488	4
11489	4
11490	4
11491	4
11492	4
11493	4
11494	4
11495	4
11496	4
11497	4
11498	4
11499	4
11500	4
11501	3
11502	4
11503	4
11504	4
11505	4
11506	4
11507	4
11508	4
11509	4
11510	4
11511	4
11512	4
11513	4
11514	4
11515	4
11516	4
11517	4
11518	4
11519	3
11520	4
11521	4
11522	4
11523	3
11524	3
11525	3
11526	4
11527	4
11528	4
11529	5
11530	4
11531	4
11532	4
11533	4
11534	4
11535	4
11536	4
11537	4
11538	4
11539	4
11540	4
11541	4
11542	4
11543	4
11544	4
11545	4
11546	4
11547	4
11548	4
11549	3
11550	3
11551	4
11552	3
11553	3
11554	3
11555	3
11556	3
11557	3
11558	4
11559	3
11560	4
11561	4
11562	4
11563	3
11564	3
11565	3
11566	3
11567	4
11568	4
11569	4
11570	4
11571	4
11572	4
11573	4
11574	4
11575	4
11576	4
11577	4
11578	4
11579	4
11580	4
11581	3
11582	3
11583	4
11584	4
11585	4
11586	4
11587	3
11588	4
11589	3
11590	4
11591	4
11592	4
11593	4
11594	1
11595	4
11596	4
11597	4
11598	4
11599	4
11600	4
11601	4
11602	4
11603	4
11604	4
11605	4
11606	3
11607	4
11608	4
11609	5
11610	3
11611	5
11612	3
11613	3
11614	3
11615	3
11616	3
11617	4
11618	4
11619	3
11620	3
11621	3
11622	3
11623	4
11624	4
11625	4
11626	4
11627	4
11628	4
11629	4
11630	4
11631	4
11632	4
11633	1
11634	1
11635	1
11636	1
11637	1
11638	1
11639	5
11640	5
11641	5
11642	5
11643	5
11644	5
11645	5
11646	5
11647	5
11648	5
11649	5
11650	5
11651	5
11652	5
11653	5
11654	5
11655	3
11656	3
11657	3
11658	3
11659	3
11660	3
11661	3
11662	5
11663	5
11664	5
11665	5
11666	5
11667	5
11668	5
11669	5
11670	5
11671	5
11672	5
11673	5
11674	5
11675	5
11676	5
11677	5
11678	5
11679	5
11680	4
11681	4
11682	4
11683	4
11684	4
11685	4
11686	4
11687	4
11688	4
11689	3
11690	3
11691	3
11692	3
11693	4
11694	3
11695	3
11696	3
11697	4
11698	3
11699	3
11700	3
11701	3
11702	3
11703	5
11704	1
11705	1
11706	3
11707	3
11708	3
11709	3
11710	3
11711	3
11712	3
11713	3
11714	3
11715	3
11716	3
11717	3
11718	3
11719	3
11720	3
11721	3
11722	3
11723	3
11724	3
11725	3
11726	3
11727	3
11728	3
11729	3
11730	4
11731	4
11732	3
11733	4
11734	3
11735	3
11736	3
11737	3
11738	4
11739	3
11740	3
11741	3
11742	3
11743	3
11744	3
11745	3
11746	3
11747	3
11748	2
11749	3
11750	3
11751	3
11752	3
11753	3
11754	3
11755	3
11756	3
11757	3
11758	3
11759	3
11760	3
11761	3
11762	3
11763	3
11764	4
11765	3
11766	3
11767	3
11768	3
11769	3
11770	3
11771	3
11772	3
11773	3
11774	3
11775	3
11776	3
11777	3
11778	3
11779	3
11780	3
11781	3
11782	2
11783	3
11784	3
11785	3
11786	4
11787	4
11788	3
11789	3
11790	1
11791	3
11792	3
11793	3
11794	3
11795	3
11796	1
11797	3
11798	3
11799	3
11800	3
11801	3
11802	3
11803	3
11804	3
11805	3
11806	3
11807	1
11808	3
11809	3
11810	3
11811	3
11812	4
11813	3
11814	3
11815	3
11816	3
11817	3
11818	3
11819	1
11820	3
11821	1
11822	1
11823	1
11824	1
11825	1
11826	1
11827	5
11828	3
11829	5
11830	5
11831	5
11832	5
11833	5
11834	5
11835	5
11836	5
11837	5
11838	5
11839	5
11840	5
11841	5
11842	5
11843	5
11844	5
11845	5
11846	5
11847	5
11848	5
11849	5
11850	5
11851	5
11852	5
11853	5
11854	5
11855	5
11856	5
11857	5
11858	5
11859	5
11860	5
11861	5
11862	5
11863	5
11864	5
11865	5
11866	5
11867	5
11868	5
11869	5
11870	5
11871	5
11872	5
11873	5
11874	5
11875	5
11876	5
11877	5
11878	5
11879	5
11880	5
11881	5
11882	5
11883	5
11884	5
11885	5
11886	5
11887	5
11888	5
11889	5
11890	5
11891	5
11892	5
11893	5
11894	5
11895	5
11896	5
11897	5
11898	5
11899	5
11900	5
11901	5
11902	5
11903	5
11904	5
11905	5
11906	5
11907	5
11908	5
11909	4
11910	4
11911	4
11912	4
11913	4
11914	4
11915	4
11916	1
11917	1
11918	1
11919	1
11920	1
11921	1
11922	1
11923	1
11924	4
11925	4
11926	4
11927	2
11928	4
11929	4
11930	4
11931	4
11932	3
11933	3
11934	3
11935	3
11936	3
11937	3
11938	3
11939	3
11940	3
11941	3
11942	3
11943	4
11944	4
11945	3
11946	3
11947	3
11948	3
11949	2
11950	2
11951	4
11952	4
11953	4
11954	4
11955	4
11956	4
11957	4
11958	4
11959	4
11960	4
11961	4
11962	3
11963	4
11964	4
11965	4
11966	4
11967	4
11968	4
11969	4
11970	4
11971	4
11972	2
11973	2
11974	2
11975	2
11976	5
11977	5
11978	5
11979	5
11980	5
11981	5
11982	5
11983	5
11984	5
11985	5
11986	5
11987	5
11988	5
11989	5
11990	5
11991	5
11992	5
11993	5
11994	5
11995	5
11996	5
11997	5
11998	5
11999	5
12000	5
12001	5
12002	5
12003	5
12004	5
12005	5
12006	5
12007	5
12008	5
12009	5
12010	5
12011	5
12012	4
12013	4
12014	5
12015	4
12016	4
12017	4
12018	4
12019	4
12020	4
12021	4
12022	4
12023	4
12024	4
12025	4
12026	4
12027	2
12028	2
12029	2
12030	2
12031	1
12032	1
12033	1
12034	2
12035	2
12036	2
12037	2
12038	2
12039	2
12040	2
12041	2
12042	2
12043	2
12044	2
12045	2
12046	2
12047	2
12048	2
12049	1
12050	1
12051	1
12052	1
12053	5
12054	5
12055	5
12056	5
12057	5
12058	5
12059	5
12060	4
12061	4
12062	3
12063	3
12064	3
12065	3
12066	3
12067	3
12068	3
12069	5
12070	5
12071	3
12072	5
12073	5
12074	5
12075	5
12076	5
12077	2
12078	2
12079	2
12080	2
12081	1
12082	1
12083	1
12084	1
12085	2
12086	5
12087	2
12088	3
12089	4
12090	4
12091	3
12092	3
12093	3
12094	3
12095	3
12096	3
12097	3
12098	3
12099	3
12100	3
12101	3
12102	3
12103	3
12104	3
12105	3
12106	4
12107	3
12108	3
12109	2
12110	2
12111	1
12112	3
12113	3
12114	3
12115	5
12116	5
12117	5
12118	5
12119	5
12120	5
12121	5
12122	5
12123	2
12124	2
12125	2
12126	2
12127	2
12128	2
12129	2
12130	2
12131	2
12132	2
12133	2
12134	2
12135	2
12136	2
12137	2
12138	2
12139	2
12140	2
12141	2
12142	2
12143	2
12144	2
12145	2
12146	4
12147	4
12148	4
12149	4
12150	3
12151	4
12152	4
12153	4
12154	4
12155	4
12156	4
12157	4
12158	4
12159	3
12160	3
12161	3
12162	4
12163	3
12164	3
12165	3
12166	1
12167	4
12168	4
12169	4
12170	4
12171	4
12172	4
12173	5
12174	4
12175	4
12176	1
12177	1
12178	4
12179	4
12180	4
12181	4
12182	3
12183	4
12184	4
12185	2
12186	3
12187	4
12188	4
12189	4
12190	4
12191	4
12192	4
12193	4
12194	4
12195	2
12196	2
12197	2
12198	2
12199	2
12200	2
12201	2
12202	2
12203	2
12204	2
12205	2
12206	2
12207	2
12208	2
12209	2
12210	2
12211	2
12212	2
12213	2
12214	2
12215	4
12216	4
12217	4
12218	4
12219	5
12220	4
12221	4
12222	4
12223	4
12224	5
12225	5
12226	5
12227	5
12228	5
12229	5
12230	5
12231	5
12232	5
12233	5
12234	5
12235	5
12236	5
12237	5
12238	5
12239	5
12240	5
12241	5
12242	3
12243	3
12244	1
12245	3
12246	1
12247	3
12248	3
12249	3
12250	3
12251	3
12252	1
12253	3
12254	3
12255	3
12256	3
12257	1
12258	3
12259	3
12260	3
12261	3
12262	3
12263	3
12264	3
12265	3
12266	4
12267	4
12268	3
12269	3
12270	4
12271	4
12272	3
12273	3
12274	3
12275	3
12276	4
12277	3
12278	3
12279	3
12280	3
12281	1
12282	3
12283	3
12284	3
12285	3
12286	3
12287	3
12288	3
12289	2
12290	2
12291	2
12292	2
12293	5
12294	5
12295	5
12296	5
12297	5
12298	5
12299	5
12300	5
12301	5
12302	5
12303	5
12304	5
12305	5
12306	5
12307	5
12308	5
12309	5
12310	5
12311	5
12312	5
12313	5
12314	5
12315	5
12316	5
12317	5
12318	5
12319	5
12320	5
12321	5
12322	5
12323	5
12324	5
12325	5
12326	5
12327	4
12328	4
12329	4
12330	2
12331	2
12332	2
12333	2
12334	2
12335	2
12336	2
12337	2
12338	1
12339	1
12340	1
12341	2
12342	2
12343	4
12344	4
12345	4
12346	4
12347	4
12348	5
12349	4
12350	4
12351	4
12352	4
12353	4
12354	4
12355	4
12356	4
12357	4
12358	3
12359	4
12360	4
12361	4
12362	3
12363	4
12364	1
12365	1
12366	1
12367	1
12368	1
12369	1
12370	1
12371	1
12372	1
12373	3
12374	1
12375	1
12376	1
12377	1
12378	1
12379	1
12380	1
12381	1
12382	1
12383	1
12384	1
12385	1
12386	1
12387	1
12388	1
12389	3
12390	3
12391	3
12392	3
12393	4
12394	4
12395	1
12396	1
12397	1
12398	1
12399	1
12400	1
12401	1
12402	1
12403	1
12404	1
12405	1
12406	1
12407	1
12408	1
12409	1
12410	1
12411	1
12412	2
12413	2
12414	2
12415	2
12416	2
12417	2
12418	2
12419	2
12420	2
12421	2
12422	2
12423	2
12424	2
12425	2
12426	2
12427	2
12428	2
12429	2
12430	2
12431	2
12432	2
12433	1
12434	1
12435	1
12436	1
12437	1
12438	1
12439	1
12440	1
12441	1
12442	1
12443	1
12444	1
12445	1
12446	1
12447	1
12448	3
12449	1
12450	1
12451	1
12452	1
12453	3
12454	1
12455	1
12456	1
12457	1
12458	1
12459	1
12460	1
12461	1
12462	1
12463	1
12464	1
12465	1
12466	1
12467	1
12468	1
12469	1
12470	2
12471	2
12472	2
12473	4
12474	3
12475	3
12476	4
12477	4
12478	4
12479	4
12480	4
12481	4
12482	4
12483	1
12484	1
12485	1
12486	4
12487	4
12488	5
12489	5
12490	5
12491	5
12492	5
12493	4
12494	4
12495	4
12496	4
12497	1
12498	1
12499	1
12500	1
12501	1
12502	1
12503	1
12504	5
12505	5
12506	5
12507	4
12508	1
12509	1
12510	1
12511	1
12512	1
12513	3
12514	2
12515	2
12516	2
12517	5
12518	5
12519	2
12520	3
12521	3
12522	3
12523	2
12524	2
12525	2
12526	2
12527	2
12528	2
12529	4
12530	2
12531	2
12532	2
12533	2
12534	2
12535	2
12536	2
12537	5
12538	5
12539	3
12540	3
12541	3
12542	3
12543	3
12544	2
12545	3
12546	3
12547	3
12548	3
12549	3
12550	3
12551	3
12552	3
12553	3
12554	3
12555	1
12556	1
12557	1
12558	4
12559	4
12560	4
12561	4
12562	4
12563	4
12564	4
12565	4
12566	2
12567	5
12568	5
12569	5
12570	5
12571	5
12572	5
12573	5
12574	5
12575	5
12576	5
12577	5
12578	5
12579	5
12580	5
12581	5
12582	5
12583	5
12584	5
12585	5
12586	5
12587	5
12588	5
12589	5
12590	5
12591	5
12592	5
12593	5
12594	5
12595	5
12596	5
12597	5
12598	5
12599	5
12600	5
12601	5
12602	5
12603	5
12604	5
12605	5
12606	5
12607	5
12608	5
12609	5
12610	5
12611	5
12612	5
12613	5
12614	5
12615	5
12616	5
12617	5
12618	5
12619	5
12620	5
12621	5
12622	5
12623	5
12624	5
12625	5
12626	5
12627	5
12628	5
12629	5
12630	5
12631	5
12632	5
12633	5
12634	5
12635	5
12636	5
12637	5
12638	5
12639	5
12640	5
12641	5
12642	5
12643	5
12644	5
12645	5
12646	5
12647	5
12648	5
12649	5
12650	4
12651	5
12652	5
12653	5
12654	2
12655	5
12656	5
12657	5
12658	5
12659	5
12660	5
12661	5
12662	5
12663	5
12664	5
12665	5
12666	5
12667	5
12668	5
12669	5
12670	5
12671	5
12672	5
12673	5
12674	5
12675	5
12676	5
12677	5
12678	5
12679	5
12680	5
12681	5
12682	5
12683	5
12684	5
12685	5
12686	5
12687	5
12688	5
12689	5
12690	5
12691	5
12692	5
12693	5
12694	5
12695	5
12696	5
12697	5
12698	5
12699	5
12700	5
12701	5
12702	5
12703	5
12704	5
12705	5
12706	5
12707	5
12708	5
12709	5
12710	5
12711	5
12712	5
12713	5
12714	5
12715	5
12716	5
12717	5
12718	5
12719	5
12720	5
12721	5
12722	5
12723	5
12724	5
12725	5
12726	5
12727	5
12728	5
12729	5
12730	5
12731	5
12732	5
12733	5
12734	1
12735	1
12736	1
12737	1
12738	1
12739	5
12740	5
12741	3
12742	3
12743	3
12744	2
12745	4
12746	3
12747	3
12748	3
12749	3
12750	3
12751	3
12752	3
12753	3
12754	3
12755	3
12756	4
12757	2
12758	4
12759	4
12760	4
12761	5
12762	2
12763	2
12764	2
12765	2
12766	2
12767	2
12768	2
12769	3
12770	3
12771	3
12772	3
12773	3
12774	3
12775	3
12776	1
12777	3
12778	4
12779	4
12780	4
12781	5
12782	5
12783	5
12784	5
12785	4
12786	4
12787	4
12788	4
12789	4
12790	4
12791	4
12792	4
12793	4
12794	4
12795	4
12796	4
12797	3
12798	3
12799	3
12800	3
12801	3
12802	1
12803	3
12804	3
12805	3
12806	3
12807	3
12808	3
12809	3
12810	1
12811	3
12812	3
12813	3
12814	3
12815	1
12816	3
12817	3
12818	1
12819	4
12820	3
12821	3
12822	3
12823	3
12824	5
12825	5
12826	5
12827	5
12828	5
12829	5
12830	1
12831	1
12832	2
12833	2
12834	2
12835	1
12836	1
12837	1
12838	2
12839	1
12840	1
12841	1
12842	1
12843	1
12844	1
12845	1
12846	1
12847	1
12848	1
12849	3
12850	1
12851	1
12852	1
12853	1
12854	1
12855	1
12856	1
12857	1
12858	1
12859	1
12860	1
12861	2
12862	3
12863	4
12864	4
12865	4
12866	3
12867	4
12868	4
12869	3
12870	3
12871	3
12872	3
12873	3
12874	3
12875	3
12876	3
12877	3
12878	3
12879	2
12880	4
12881	2
12882	3
12883	2
12884	4
12885	1
12886	3
12887	3
12888	5
12889	4
12890	4
12891	4
12892	4
12893	4
12894	3
12895	1
12896	1
12897	4
12898	4
12899	4
12900	4
12901	3
12902	3
12903	2
12904	3
12905	1
12906	3
12907	2
12908	3
12909	2
12910	2
12911	2
12912	3
12913	3
12914	2
12915	2
12916	5
12917	5
12918	3
12919	3
12920	3
12921	3
12922	3
12923	3
12924	3
12925	4
12926	3
12927	3
12928	2
12929	2
12930	2
12931	1
12932	1
12933	2
12934	1
12935	1
12936	3
12937	1
12938	1
12939	1
12940	1
12941	5
12942	5
12943	5
12944	5
12945	5
12946	5
12947	5
12948	1
12949	2
12950	2
12951	2
12952	2
12953	2
12954	2
12955	2
12956	2
12957	2
12958	2
12959	2
12960	2
12961	2
12962	2
12963	2
12964	2
12965	2
12966	2
12967	2
12968	2
12969	2
12970	2
12971	2
12972	2
12973	2
12974	2
12975	2
12976	2
12977	2
12978	2
12979	2
12980	2
12981	2
12982	2
12983	2
12984	2
12985	2
12986	2
12987	2
12988	2
12989	2
12990	2
12991	2
12992	2
12993	2
12994	2
12995	2
12996	2
12997	2
12998	2
12999	2
13000	2
13001	2
13002	2
13003	2
13004	2
13005	2
13006	2
13007	2
13008	2
13009	2
13010	2
13011	2
13012	2
13013	4
13014	4
13015	4
13016	4
13017	4
13018	5
13019	5
13020	5
13021	5
13022	5
13023	5
13024	5
13025	5
13026	5
13027	5
13028	5
13029	5
13030	5
13031	5
13032	5
13033	5
13034	5
13035	5
13036	4
13037	5
13038	5
13039	5
13040	4
13041	4
13042	4
13043	2
13044	2
13045	2
13046	2
13047	2
13048	2
13049	2
13050	2
13051	2
13052	2
13053	2
13054	2
13055	2
13056	2
13057	2
13058	2
13059	2
13060	2
13061	2
13062	2
13063	2
13064	2
13065	2
13066	2
13067	2
13068	2
13069	2
13070	2
13071	2
13072	2
13073	2
13074	2
13075	2
13076	2
13077	2
13078	2
13079	2
13080	2
13081	2
13082	2
13083	2
13084	2
13085	5
13086	2
13087	2
13088	2
13089	2
13090	2
13091	2
13092	2
13093	2
13094	2
13095	2
13096	2
13097	2
13098	2
13099	2
13100	2
13101	2
13102	2
13103	2
13104	2
13105	2
13106	2
13107	2
13108	2
13109	2
13110	2
13111	2
13112	2
13113	2
13114	2
13115	2
13116	2
13117	2
13118	2
13119	2
13120	2
13121	2
13122	2
13123	2
13124	4
13125	4
13126	4
13127	4
13128	4
13129	2
13130	1
13131	3
13132	4
13133	3
13134	3
13135	4
13136	4
13137	4
13138	4
13139	4
13140	4
13141	4
13142	4
13143	4
13144	4
13145	4
13146	4
13147	4
13148	4
13149	4
13150	4
13151	3
13152	3
13153	3
13154	3
13155	3
13156	3
13157	3
13158	3
13159	3
13160	3
13161	3
13162	3
13163	3
13164	5
13165	3
13166	3
13167	3
13168	3
13169	4
13170	5
13171	4
13172	4
13173	4
13174	4
13175	4
13176	4
13177	1
13178	1
13179	1
13180	1
13181	4
13182	4
13183	5
13184	1
