8 2 4 8 2 31 34 28 24 28 25 28 3 10 3 14 34 24 26 25
2 20 1 14 2 1 14 3 2 14 1 5 1 6 7 1 7 1 3 28
24 28 34 33 21 33 15 33 16 34 19 33 32 33 9 1 32 1 20 2
10 3 28 3 8 3 2 22 1 13 4 3 4 8 2 31 33 19 34 14
30 34 16 33 16 33 16 34 29 34 33 19 33 24 26 24 34 21 33 31
6 1 18 1 32 1 12 1 32 29 34 16 34 20 34 16 34 19 33 31
31 2 20 2 20 34 21 33 19 34 24 34 14 3 14 1 8 1 8 4
14 2 14 3 33 19 34 9 3 10 34 29 32 1 32 34 16 34 15 33
11 1 11 1 7 5 7 5 11 6 7 17 6 11 6 17 7 1 3 1
13 1 8 4 8 1 14 34 9 31 34 16 33 34 30 27 30 33 15 34
16 34 32 26 24 34 30 34 10 34 10 3 1 2 18 1 12 1 20 1
4 13 4 8 1 20 1 14 4 14 1 3 29 3 28 34 31 2 14 2
29 34 24 30 24 30 27 30 24 34 33 21 34 31 34 27 30 33 15 33
19 33 3 10 3 4 14 4 14 1 18 2 3 14 4 1 13 1 6 7
27 34 29 32 26 24 26 32 1 14 34 29 34 9 31 33 15 33 16 34
7 5 7 17 6 1 7 17 6 11 5 7 6 1 3 10 34 16 34 9
34 30 24 33 21 34 29 34 29 3 28 3 1 32 33 31 9 3 4 13
3 9 3 10 34 23 34 31 2 1 7 6 17 6 11 6 11 5 1 13
21 33 24 28 34 20 34 24 28 25 28 24 28 34 30 33 24 34 23 33
15 33 30 24 26 24 28 3 14 1 14 4 14 4 2 31 9 33 24 26
25 28 25 28 34 15 34 32 26 32 1 12 1 6 11 1 11 5 1 14
26 24 28 34 14 1 5 1 18 1 14 2 3 9 3 1 22 2 8 2
28 34 32 1 5 7 5 7 5 11 6 17 6 11 6 11 1 13 4 8
17 6 11 6 7 6 11 6 11 6 7 6 1 7 5 7 1 2 31 9
1 14 1 22 1 14 3 4 1 20 34 29 34 20 2 20 2 4 14 3
23 34 29 32 25 28 24 34 9 1 3 8 2 31 33 23 33 9 3 29
12 1 8 2 18 1 8 3 14 4 8 1 5 7 5 11 5 11 6 17
5 7 17 6 7 17 6 1 7 6 7 5 1 5 7 17 7 17 7 6
20 34 29 3 8 2 14 34 28 34 29 3 33 15 33 31 2 20 1 9
9 31 33 21 33 31 34 31 34 24 26 25 28 25 26 24 33 3 10 34
32 34 27 30 24 26 25 28 24 28 3 28 24 26 25 32 1 4 14 2
33 30 24 33 3 29 3 4 3 14 3 1 11 6 1 18 1 5 1 8
22 1 9 3 10 3 4 13 1 3 10 3 2 31 34 21 33 21 34 20
18 2 18 2 31 33 9 34 15 33 30 24 30 27 30 27 34 24 28 25
